Condition	Block	TrialInBlock	Target	Competitor_1	Competitor_2	Competitor_chosen	RTinSec	Session_number	
CY	1	1	1	1	2	2	1.450	1	
CY	1	2	1	1	3	2	1.318	1	
CY	1	3	1	1	4	2	1.539	1	
CY	1	4	1	1	5	2	2.020	1	
CY	1	5	1	1	6	1	1.978	1	
CY	1	6	1	2	3	1	2.387	1	
CY	1	7	1	2	4	2	1.535	1	
CY	1	8	1	2	5	1	1.623	1	
CY	1	9	1	2	6	1	1.060	1	
CY	1	10	1	3	4	1	1.932	1	
CY	1	11	1	3	5	1	1.084	1	
CY	1	12	1	3	6	1	1.404	1	
CY	1	13	1	4	5	1	2.663	1	
CY	1	14	1	4	6	1	2.003	1	
CY	1	15	1	5	6	1	1.455	1	
CY	1	16	2	1	2	1	2.311	1	
CY	1	17	2	1	3	2	1.223	1	
CY	1	18	2	1	4	2	1.132	1	
CY	1	19	2	1	5	2	2.782	1	
CY	1	20	2	1	6	2	1.014	1	
CY	1	21	2	2	3	1	4.195	1	
CY	1	22	2	2	4	2	1.120	1	
CY	1	23	2	2	5	2	1.091	1	
CY	1	24	2	2	6	2	1.512	1	
CY	1	25	2	3	4	1	2.192	1	
CY	1	26	2	3	5	2	1.850	1	
CY	1	27	2	3	6	2	0.855	1	
CY	1	28	2	4	5	1	2.381	1	
CY	1	29	2	4	6	1	2.175	1	
CY	1	30	2	5	6	2	3.626	1	
CY	1	31	3	1	2	1	3.499	1	
CY	1	32	3	1	3	2	0.915	1	
CY	1	33	3	1	4	2	1.051	1	
CY	1	34	3	1	5	1	0.836	1	
CY	1	35	3	1	6	1	2.225	1	
CY	1	36	3	2	3	2	1.748	1	
CY	1	37	3	2	4	1	0.727	1	
CY	1	38	3	2	5	2	1.241	1	
CY	1	39	3	2	6	1	0.870	1	
CY	1	40	3	3	4	1	1.712	1	
CY	1	41	3	3	5	1	1.685	1	
CY	1	42	3	3	6	1	1.280	1	
CY	1	43	3	4	5	1	1.364	1	
CY	1	44	3	4	6	1	1.423	1	
CY	1	45	3	5	6	1	3.356	1	
CY	1	46	4	1	2	2	1.579	1	
CY	1	47	4	1	3	2	1.314	1	
CY	1	48	4	1	4	2	1.270	1	
CY	1	49	4	1	5	2	1.175	1	
CY	1	50	4	1	6	2	1.424	1	
CY	1	51	4	2	3	1	2.721	1	
CY	1	52	4	2	4	1	1.042	1	
CY	1	53	4	2	5	1	1.538	1	
CY	1	54	4	2	6	1	1.303	1	
CY	1	55	4	3	4	2	2.203	1	
CY	1	56	4	3	5	1	2.106	1	
CY	1	57	4	3	6	1	1.181	1	
CY	1	58	4	4	5	2	3.185	1	
CY	1	59	4	4	6	1	1.955	1	
CY	1	60	4	5	6	2	2.204	1	
CB	1	61	1	1	2	2	1.250	1	
CB	1	62	1	1	3	2	1.295	1	
CB	1	63	1	1	4	2	2.077	1	
CB	1	64	1	1	5	2	1.197	1	
CB	1	65	1	1	6	1	0.936	1	
CB	1	66	1	2	3	2	1.790	1	
CB	1	67	1	2	4	2	0.922	1	
CB	1	68	1	2	5	1	0.929	1	
CB	1	69	1	2	6	1	1.132	1	
CB	1	70	1	3	4	2	1.133	1	
CB	1	71	1	3	5	2	1.482	1	
CB	1	72	1	3	6	2	1.211	1	
CB	1	73	1	4	5	2	1.638	1	
CB	1	74	1	4	6	1	0.929	1	
CB	1	75	1	5	6	1	1.860	1	
CB	1	76	2	1	2	2	1.986	1	
CB	1	77	2	1	3	2	0.820	1	
CB	1	78	2	1	4	2	1.076	1	
CB	1	79	2	1	5	2	1.977	1	
CB	1	80	2	1	6	1	1.831	1	
CB	1	81	2	2	3	2	1.461	1	
CB	1	82	2	2	4	2	1.109	1	
CB	1	83	2	2	5	2	1.817	1	
CB	1	84	2	2	6	1	1.853	1	
CB	1	85	2	3	4	2	1.466	1	
CB	1	86	2	3	5	2	1.017	1	
CB	1	87	2	3	6	1	1.096	1	
CB	1	88	2	4	5	1	1.555	1	
CB	1	89	2	4	6	1	1.340	1	
CB	1	90	2	5	6	1	1.581	1	
CB	1	91	3	1	2	1	2.091	1	
CB	1	92	3	1	3	1	0.890	1	
CB	1	93	3	1	4	2	1.476	1	
CB	1	94	3	1	5	2	1.100	1	
CB	1	95	3	1	6	1	1.347	1	
CB	1	96	3	2	3	1	3.875	1	
CB	1	97	3	2	4	2	1.296	1	
CB	1	98	3	2	5	2	1.016	1	
CB	1	99	3	2	6	1	1.045	1	
CB	1	100	3	3	4	1	1.311	1	
CB	1	101	3	3	5	2	1.348	1	
CB	1	102	3	3	6	1	2.189	1	
CB	1	103	3	4	5	1	1.870	1	
CB	1	104	3	4	6	1	1.944	1	
CB	1	105	3	5	6	2	3.907	1	
CB	1	106	4	1	2	2	2.234	1	
CB	1	107	4	1	3	2	1.232	1	
CB	1	108	4	1	4	2	0.938	1	
CB	1	109	4	1	5	2	2.246	1	
CB	1	110	4	1	6	2	2.849	1	
CB	1	111	4	2	3	2	1.997	1	
CB	1	112	4	2	4	2	1.062	1	
CB	1	113	4	2	5	2	0.837	1	
CB	1	114	4	2	6	1	1.090	1	
CB	1	115	4	3	4	2	0.833	1	
CB	1	116	4	3	5	2	0.849	1	
CB	1	117	4	3	6	1	1.118	1	
CB	1	118	4	4	5	1	1.184	1	
CB	1	119	4	4	6	2	0.909	1	
CB	1	120	4	5	6	1	1.115	1	
CY	2	1	1	1	2	2	1.388	1	
CY	2	2	1	1	3	2	1.267	1	
CY	2	3	1	1	4	1	1.179	1	
CY	2	4	1	1	5	1	1.075	1	
CY	2	5	1	1	6	1	2.779	1	
CY	2	6	1	2	3	2	1.859	1	
CY	2	7	1	2	4	1	0.788	1	
CY	2	8	1	2	5	1	2.075	1	
CY	2	9	1	2	6	1	1.651	1	
CY	2	10	1	3	4	1	1.515	1	
CY	2	11	1	3	5	1	0.755	1	
CY	2	12	1	3	6	1	1.051	1	
CY	2	13	1	4	5	1	1.643	1	
CY	2	14	1	4	6	1	0.739	1	
CY	2	15	1	5	6	1	1.539	1	
CY	2	16	2	1	2	1	1.316	1	
CY	2	17	2	1	3	1	1.475	1	
CY	2	18	2	1	4	2	1.042	1	
CY	2	19	2	1	5	1	1.371	1	
CY	2	20	2	1	6	1	2.482	1	
CY	2	21	2	2	3	2	0.827	1	
CY	2	22	2	2	4	2	0.995	1	
CY	2	23	2	2	5	2	2.148	1	
CY	2	24	2	2	6	1	1.475	1	
CY	2	25	2	3	4	1	1.092	1	
CY	2	26	2	3	5	1	1.146	1	
CY	2	27	2	3	6	1	1.876	1	
CY	2	28	2	4	5	1	1.371	1	
CY	2	29	2	4	6	1	1.116	1	
CY	2	30	2	5	6	1	1.578	1	
CY	2	31	3	1	2	2	1.899	1	
CY	2	32	3	1	3	1	1.875	1	
CY	2	33	3	1	4	1	1.724	1	
CY	2	34	3	1	5	1	0.907	1	
CY	2	35	3	1	6	1	0.979	1	
CY	2	36	3	2	3	2	1.012	1	
CY	2	37	3	2	4	1	1.836	1	
CY	2	38	3	2	5	1	1.028	1	
CY	2	39	3	2	6	1	2.209	1	
CY	2	40	3	3	4	1	1.539	1	
CY	2	41	3	3	5	2	0.684	1	
CY	2	42	3	3	6	1	0.869	1	
CY	2	43	3	4	5	1	0.720	1	
CY	2	44	3	4	6	1	1.380	1	
CY	2	45	3	5	6	1	1.857	1	
CY	2	46	4	1	2	2	2.339	1	
CY	2	47	4	1	3	2	1.171	1	
CY	2	48	4	1	4	2	0.930	1	
CY	2	49	4	1	5	2	0.955	1	
CY	2	50	4	1	6	2	1.091	1	
CY	2	51	4	2	3	2	1.500	1	
CY	2	52	4	2	4	2	1.107	1	
CY	2	53	4	2	5	1	1.211	1	
CY	2	54	4	2	6	1	0.923	1	
CY	2	55	4	3	4	1	1.429	1	
CY	2	56	4	3	5	2	1.027	1	
CY	2	57	4	3	6	1	1.452	1	
CY	2	58	4	4	5	1	2.449	1	
CY	2	59	4	4	6	1	0.804	1	
CY	2	60	4	5	6	1	2.227	1	
CB	2	61	1	1	2	2	1.579	1	
CB	2	62	1	1	3	2	1.273	1	
CB	2	63	1	1	4	2	1.314	1	
CB	2	64	1	1	5	2	1.395	1	
CB	2	65	1	1	6	2	1.412	1	
CB	2	66	1	2	3	2	1.617	1	
CB	2	67	1	2	4	2	1.289	1	
CB	2	68	1	2	5	2	0.963	1	
CB	2	69	1	2	6	1	1.316	1	
CB	2	70	1	3	4	2	1.340	1	
CB	2	71	1	3	5	1	1.139	1	
CB	2	72	1	3	6	2	1.467	1	
CB	2	73	1	4	5	1	1.764	1	
CB	2	74	1	4	6	1	1.259	1	
CB	2	75	1	5	6	2	1.835	1	
CB	2	76	2	1	2	2	1.892	1	
CB	2	77	2	1	3	2	0.834	1	
CB	2	78	2	1	4	2	0.764	1	
CB	2	79	2	1	5	2	0.940	1	
CB	2	80	2	1	6	1	2.499	1	
CB	2	81	2	2	3	2	4.171	1	
CB	2	82	2	2	4	2	0.980	1	
CB	2	83	2	2	5	1	0.988	1	
CB	2	84	2	2	6	2	0.827	1	
CB	2	85	2	3	4	2	1.011	1	
CB	2	86	2	3	5	1	1.268	1	
CB	2	87	2	3	6	1	1.860	1	
CB	2	88	2	4	5	1	0.987	1	
CB	2	89	2	4	6	1	0.995	1	
CB	2	90	2	5	6	1	1.435	1	
CB	2	91	3	1	2	1	1.620	1	
CB	2	92	3	1	3	1	1.443	1	
CB	2	93	3	1	4	2	1.963	1	
CB	2	94	3	1	5	2	0.755	1	
CB	2	95	3	1	6	2	1.029	1	
CB	2	96	3	2	3	2	0.835	1	
CB	2	97	3	2	4	2	0.907	1	
CB	2	98	3	2	5	2	1.548	1	
CB	2	99	3	2	6	1	1.963	1	
CB	2	100	3	3	4	1	1.555	1	
CB	2	101	3	3	5	2	1.787	1	
CB	2	102	3	3	6	1	1.227	1	
CB	2	103	3	4	5	1	0.971	1	
CB	2	104	3	4	6	1	1.739	1	
CB	2	105	3	5	6	2	2.059	1	
CB	2	106	4	1	2	2	1.730	1	
CB	2	107	4	1	3	2	0.852	1	
CB	2	108	4	1	4	2	1.475	1	
CB	2	109	4	1	5	2	0.907	1	
CB	2	110	4	1	6	1	1.483	1	
CB	2	111	4	2	3	2	1.772	1	
CB	2	112	4	2	4	2	1.059	1	
CB	2	113	4	2	5	2	0.835	1	
CB	2	114	4	2	6	2	1.003	1	
CB	2	115	4	3	4	2	0.827	1	
CB	2	116	4	3	5	2	0.995	1	
CB	2	117	4	3	6	1	1.852	1	
CB	2	118	4	4	5	2	1.587	1	
CB	2	119	4	4	6	1	1.051	1	
CB	2	120	4	5	6	1	2.571	1	
CY	3	1	1	1	2	2	1.073	1	
CY	3	2	1	1	3	2	0.745	1	
CY	3	3	1	1	4	2	0.978	1	
CY	3	4	1	1	5	1	2.481	1	
CY	3	5	1	1	6	1	1.162	1	
CY	3	6	1	2	3	2	1.394	1	
CY	3	7	1	2	4	2	1.018	1	
CY	3	8	1	2	5	1	1.706	1	
CY	3	9	1	2	6	1	1.010	1	
CY	3	10	1	3	4	1	1.738	1	
CY	3	11	1	3	5	1	0.850	1	
CY	3	12	1	3	6	1	0.906	1	
CY	3	13	1	4	5	1	1.755	1	
CY	3	14	1	4	6	1	0.785	1	
CY	3	15	1	5	6	1	1.162	1	
CY	3	16	2	1	2	2	2.297	1	
CY	3	17	2	1	3	2	1.258	1	
CY	3	18	2	1	4	2	0.994	1	
CY	3	19	2	1	5	2	1.673	1	
CY	3	20	2	1	6	2	0.801	1	
CY	3	21	2	2	3	1	1.385	1	
CY	3	22	2	2	4	2	0.906	1	
CY	3	23	2	2	5	2	1.217	1	
CY	3	24	2	2	6	1	0.960	1	
CY	3	25	2	3	4	2	1.066	1	
CY	3	26	2	3	5	2	2.138	1	
CY	3	27	2	3	6	1	1.499	1	
CY	3	28	2	4	5	1	0.995	1	
CY	3	29	2	4	6	1	1.439	1	
CY	3	30	2	5	6	1	2.402	1	
CY	3	31	3	1	2	2	2.155	1	
CY	3	32	3	1	3	2	0.833	1	
CY	3	33	3	1	4	1	1.945	1	
CY	3	34	3	1	5	1	0.689	1	
CY	3	35	3	1	6	1	1.922	1	
CY	3	36	3	2	3	2	0.787	1	
CY	3	37	3	2	4	1	1.128	1	
CY	3	38	3	2	5	1	0.986	1	
CY	3	39	3	2	6	1	0.867	1	
CY	3	40	3	3	4	2	2.323	1	
CY	3	41	3	3	5	2	0.778	1	
CY	3	42	3	3	6	1	0.713	1	
CY	3	43	3	4	5	1	1.354	1	
CY	3	44	3	4	6	1	0.962	1	
CY	3	45	3	5	6	1	1.273	1	
CY	3	46	4	1	2	2	1.466	1	
CY	3	47	4	1	3	2	1.426	1	
CY	3	48	4	1	4	2	0.978	1	
CY	3	49	4	1	5	2	1.074	1	
CY	3	50	4	1	6	2	0.994	1	
CY	3	51	4	2	3	1	1.722	1	
CY	3	52	4	2	4	1	1.898	1	
CY	3	53	4	2	5	1	1.015	1	
CY	3	54	4	2	6	2	0.922	1	
CY	3	55	4	3	4	1	1.538	1	
CY	3	56	4	3	5	2	1.129	1	
CY	3	57	4	3	6	1	1.002	1	
CY	3	58	4	4	5	2	1.770	1	
CY	3	59	4	4	6	1	0.875	1	
CY	3	60	4	5	6	1	1.545	1	
CB	3	61	1	1	2	2	1.433	1	
CB	3	62	1	1	3	2	1.089	1	
CB	3	63	1	1	4	2	1.129	1	
CB	3	64	1	1	5	2	1.017	1	
CB	3	65	1	1	6	2	1.033	1	
CB	3	66	1	2	3	2	1.618	1	
CB	3	67	1	2	4	2	0.794	1	
CB	3	68	1	2	5	2	0.842	1	
CB	3	69	1	2	6	2	1.273	1	
CB	3	70	1	3	4	2	1.810	1	
CB	3	71	1	3	5	2	0.824	1	
CB	3	72	1	3	6	2	1.033	1	
CB	3	73	1	4	5	2	1.746	1	
CB	3	74	1	4	6	1	2.194	1	
CB	3	75	1	5	6	1	2.123	1	
CB	3	76	2	1	2	1	1.002	1	
CB	3	77	2	1	3	2	0.762	1	
CB	3	78	2	1	4	2	0.752	1	
CB	3	79	2	1	5	2	1.170	1	
CB	3	80	2	1	6	2	1.691	1	
CB	3	81	2	2	3	2	1.250	1	
CB	3	82	2	2	4	2	1.017	1	
CB	3	83	2	2	5	1	2.338	1	
CB	3	84	2	2	6	1	1.786	1	
CB	3	85	2	3	4	2	1.075	1	
CB	3	86	2	3	5	2	0.811	1	
CB	3	87	2	3	6	1	1.082	1	
CB	3	88	2	4	5	1	1.274	1	
CB	3	89	2	4	6	1	0.890	1	
CB	3	90	2	5	6	1	0.897	1	
CB	3	91	3	1	2	2	1.346	1	
CB	3	92	3	1	3	2	1.889	1	
CB	3	93	3	1	4	1	1.234	1	
CB	3	94	3	1	5	2	0.986	1	
CB	3	95	3	1	6	2	2.497	1	
CB	3	96	3	2	3	2	1.265	1	
CB	3	97	3	2	4	1	1.497	1	
CB	3	98	3	2	5	2	1.666	1	
CB	3	99	3	2	6	1	0.970	1	
CB	3	100	3	3	4	2	2.353	1	
CB	3	101	3	3	5	2	1.218	1	
CB	3	102	3	3	6	2	1.538	1	
CB	3	103	3	4	5	1	1.354	1	
CB	3	104	3	4	6	1	2.065	1	
CB	3	105	3	5	6	1	1.537	1	
CB	3	106	4	1	2	2	1.105	1	
CB	3	107	4	1	3	2	1.082	1	
CB	3	108	4	1	4	2	1.513	1	
CB	3	109	4	1	5	2	0.818	1	
CB	3	110	4	1	6	1	1.282	1	
CB	3	111	4	2	3	1	0.818	1	
CB	3	112	4	2	4	2	1.650	1	
CB	3	113	4	2	5	2	0.930	1	
CB	3	114	4	2	6	1	1.736	1	
CB	3	115	4	3	4	2	1.330	1	
CB	3	116	4	3	5	2	1.043	1	
CB	3	117	4	3	6	1	1.074	1	
CB	3	118	4	4	5	1	0.921	1	
CB	3	119	4	4	6	1	2.808	1	
CB	3	120	4	5	6	2	1.546	1	
CY	4	1	1	1	2	2	2.014	1	
CY	4	2	1	1	3	2	0.919	1	
CY	4	3	1	1	4	2	1.156	1	
CY	4	4	1	1	5	2	1.237	1	
CY	4	5	1	1	6	1	1.117	1	
CY	4	6	1	2	3	2	1.005	1	
CY	4	7	1	2	4	1	0.956	1	
CY	4	8	1	2	5	1	1.749	1	
CY	4	9	1	2	6	1	0.862	1	
CY	4	10	1	3	4	2	1.316	1	
CY	4	11	1	3	5	1	0.837	1	
CY	4	12	1	3	6	1	1.294	1	
CY	4	13	1	4	5	1	3.198	1	
CY	4	14	1	4	6	1	1.277	1	
CY	4	15	1	5	6	1	1.309	1	
CY	4	16	2	1	2	1	1.035	1	
CY	4	17	2	1	3	2	1.228	1	
CY	4	18	2	1	4	2	1.125	1	
CY	4	19	2	1	5	2	1.085	1	
CY	4	20	2	1	6	1	2.428	1	
CY	4	21	2	2	3	1	1.259	1	
CY	4	22	2	2	4	2	0.826	1	
CY	4	23	2	2	5	2	1.093	1	
CY	4	24	2	2	6	1	0.797	1	
CY	4	25	2	3	4	2	1.145	1	
CY	4	26	2	3	5	1	1.164	1	
CY	4	27	2	3	6	2	0.822	1	
CY	4	28	2	4	5	2	2.726	1	
CY	4	29	2	4	6	1	0.965	1	
CY	4	30	2	5	6	2	1.534	1	
CY	4	31	3	1	2	2	2.526	1	
CY	4	32	3	1	3	2	1.670	1	
CY	4	33	3	1	4	2	1.101	1	
CY	4	34	3	1	5	1	0.766	1	
CY	4	35	3	1	6	1	1.964	1	
CY	4	36	3	2	3	2	1.078	1	
CY	4	37	3	2	4	1	1.405	1	
CY	4	38	3	2	5	1	1.061	1	
CY	4	39	3	2	6	1	1.070	1	
CY	4	40	3	3	4	1	1.469	1	
CY	4	41	3	3	5	1	3.069	1	
CY	4	42	3	3	6	1	0.765	1	
CY	4	43	3	4	5	1	0.955	1	
CY	4	44	3	4	6	1	0.773	1	
CY	4	45	3	5	6	1	1.748	1	
CY	4	46	4	1	2	1	0.861	1	
CY	4	47	4	1	3	2	1.045	1	
CY	4	48	4	1	4	1	1.390	1	
CY	4	49	4	1	5	2	0.941	1	
CY	4	50	4	1	6	2	0.958	1	
CY	4	51	4	2	3	2	1.412	1	
CY	4	52	4	2	4	2	1.493	1	
CY	4	53	4	2	5	1	1.174	1	
CY	4	54	4	2	6	2	0.820	1	
CY	4	55	4	3	4	2	1.853	1	
CY	4	56	4	3	5	1	1.916	1	
CY	4	57	4	3	6	1	0.966	1	
CY	4	58	4	4	5	1	3.734	1	
CY	4	59	4	4	6	1	1.270	1	
CY	4	60	4	5	6	1	1.541	1	
CB	4	61	1	1	2	2	1.414	1	
CB	4	62	1	1	3	2	0.910	1	
CB	4	63	1	1	4	2	0.909	1	
CB	4	64	1	1	5	2	0.892	1	
CB	4	65	1	1	6	2	0.990	1	
CB	4	66	1	2	3	2	1.190	1	
CB	4	67	1	2	4	2	1.268	1	
CB	4	68	1	2	5	1	1.085	1	
CB	4	69	1	2	6	1	2.446	1	
CB	4	70	1	3	4	2	2.108	1	
CB	4	71	1	3	5	2	0.860	1	
CB	4	72	1	3	6	1	1.606	1	
CB	4	73	1	4	5	1	1.173	1	
CB	4	74	1	4	6	2	2.341	1	
CB	4	75	1	5	6	1	1.565	1	
CB	4	76	2	1	2	2	1.253	1	
CB	4	77	2	1	3	2	0.811	1	
CB	4	78	2	1	4	2	0.674	1	
CB	4	79	2	1	5	2	1.101	1	
CB	4	80	2	1	6	1	1.012	1	
CB	4	81	2	2	3	2	1.285	1	
CB	4	82	2	2	4	1	1.021	1	
CB	4	83	2	2	5	1	0.700	1	
CB	4	84	2	2	6	1	3.004	1	
CB	4	85	2	3	4	2	0.934	1	
CB	4	86	2	3	5	2	1.350	1	
CB	4	87	2	3	6	1	2.024	1	
CB	4	88	2	4	5	2	1.868	1	
CB	4	89	2	4	6	1	1.255	1	
CB	4	90	2	5	6	1	2.188	1	
CB	4	91	3	1	2	1	2.595	1	
CB	4	92	3	1	3	2	1.292	1	
CB	4	93	3	1	4	2	1.470	1	
CB	4	94	3	1	5	2	3.549	1	
CB	4	95	3	1	6	2	0.907	1	
CB	4	96	3	2	3	2	1.556	1	
CB	4	97	3	2	4	1	1.781	1	
CB	4	98	3	2	5	2	2.150	1	
CB	4	99	3	2	6	2	1.757	1	
CB	4	100	3	3	4	1	1.101	1	
CB	4	101	3	3	5	2	1.341	1	
CB	4	102	3	3	6	1	1.484	1	
CB	4	103	3	4	5	1	1.206	1	
CB	4	104	3	4	6	2	1.213	1	
CB	4	105	3	5	6	2	1.405	1	
CB	4	106	4	1	2	2	1.067	1	
CB	4	107	4	1	3	2	0.748	1	
CB	4	108	4	1	4	2	1.332	1	
CB	4	109	4	1	5	2	0.814	1	
CB	4	110	4	1	6	2	0.756	1	
CB	4	111	4	2	3	2	1.422	1	
CB	4	112	4	2	4	2	0.869	1	
CB	4	113	4	2	5	1	1.733	1	
CB	4	114	4	2	6	2	0.963	1	
CB	4	115	4	3	4	2	0.821	1	
CB	4	116	4	3	5	2	0.851	1	
CB	4	117	4	3	6	1	1.029	1	
CB	4	118	4	4	5	1	1.245	1	
CB	4	119	4	4	6	1	1.038	1	
CB	4	120	4	5	6	1	1.269	1	
CY	5	1	1	1	2	2	1.200	1	
CY	5	2	1	1	3	2	1.406	1	
CY	5	3	1	1	4	2	1.135	1	
CY	5	4	1	1	5	2	2.223	1	
CY	5	5	1	1	6	1	0.983	1	
CY	5	6	1	2	3	2	0.943	1	
CY	5	7	1	2	4	1	0.829	1	
CY	5	8	1	2	5	1	0.814	1	
CY	5	9	1	2	6	1	0.696	1	
CY	5	10	1	3	4	1	1.591	1	
CY	5	11	1	3	5	1	0.758	1	
CY	5	12	1	3	6	1	1.047	1	
CY	5	13	1	4	5	1	1.880	1	
CY	5	14	1	4	6	1	0.679	1	
CY	5	15	1	5	6	1	1.270	1	
CY	5	16	2	1	2	2	0.775	1	
CY	5	17	2	1	3	2	1.183	1	
CY	5	18	2	1	4	2	0.968	1	
CY	5	19	2	1	5	2	1.854	1	
CY	5	20	2	1	6	2	1.512	1	
CY	5	21	2	2	3	2	0.879	1	
CY	5	22	2	2	4	2	1.543	1	
CY	5	23	2	2	5	2	1.304	1	
CY	5	24	2	2	6	1	2.054	1	
CY	5	25	2	3	4	2	0.974	1	
CY	5	26	2	3	5	1	0.967	1	
CY	5	27	2	3	6	2	1.047	1	
CY	5	28	2	4	5	1	1.616	1	
CY	5	29	2	4	6	1	1.495	1	
CY	5	30	2	5	6	1	2.056	1	
CY	5	31	3	1	2	2	1.704	1	
CY	5	32	3	1	3	2	1.039	1	
CY	5	33	3	1	4	2	1.616	1	
CY	5	34	3	1	5	1	1.008	1	
CY	5	35	3	1	6	1	2.310	1	
CY	5	36	3	2	3	2	1.046	1	
CY	5	37	3	2	4	2	1.360	1	
CY	5	38	3	2	5	1	1.310	1	
CY	5	39	3	2	6	2	1.008	1	
CY	5	40	3	3	4	2	0.848	1	
CY	5	41	3	3	5	1	1.119	1	
CY	5	42	3	3	6	1	0.807	1	
CY	5	43	3	4	5	1	1.279	1	
CY	5	44	3	4	6	1	1.424	1	
CY	5	45	3	5	6	1	1.463	1	
CY	5	46	4	1	2	2	1.223	1	
CY	5	47	4	1	3	2	1.328	1	
CY	5	48	4	1	4	1	1.917	1	
CY	5	49	4	1	5	2	1.071	1	
CY	5	50	4	1	6	2	0.966	1	
CY	5	51	4	2	3	2	1.286	1	
CY	5	52	4	2	4	1	1.031	1	
CY	5	53	4	2	5	1	2.447	1	
CY	5	54	4	2	6	2	0.847	1	
CY	5	55	4	3	4	2	1.471	1	
CY	5	56	4	3	5	1	1.656	1	
CY	5	57	4	3	6	1	1.703	1	
CY	5	58	4	4	5	1	1.215	1	
CY	5	59	4	4	6	1	0.920	1	
CY	5	60	4	5	6	1	1.575	1	
CB	5	61	1	1	2	2	1.511	1	
CB	5	62	1	1	3	2	0.871	1	
CB	5	63	1	1	4	1	1.199	1	
CB	5	64	1	1	5	1	0.917	1	
CB	5	65	1	1	6	2	2.614	1	
CB	5	66	1	2	3	2	1.191	1	
CB	5	67	1	2	4	2	0.831	1	
CB	5	68	1	2	5	2	1.597	1	
CB	5	69	1	2	6	1	2.662	1	
CB	5	70	1	3	4	2	1.286	1	
CB	5	71	1	3	5	2	2.295	1	
CB	5	72	1	3	6	1	0.838	1	
CB	5	73	1	4	5	2	1.343	1	
CB	5	74	1	4	6	1	1.231	1	
CB	5	75	1	5	6	1	1.560	1	
CB	5	76	2	1	2	2	1.831	1	
CB	5	77	2	1	3	2	0.847	1	
CB	5	78	2	1	4	2	0.918	1	
CB	5	79	2	1	5	2	1.735	1	
CB	5	80	2	1	6	1	0.959	1	
CB	5	81	2	2	3	1	1.231	1	
CB	5	82	2	2	4	2	0.998	1	
CB	5	83	2	2	5	1	0.942	1	
CB	5	84	2	2	6	1	2.432	1	
CB	5	85	2	3	4	1	1.375	1	
CB	5	86	2	3	5	2	0.694	1	
CB	5	87	2	3	6	1	0.991	1	
CB	5	88	2	4	5	1	1.448	1	
CB	5	89	2	4	6	1	1.375	1	
CB	5	90	2	5	6	1	1.198	1	
CB	5	91	3	1	2	1	1.246	1	
CB	5	92	3	1	3	2	1.351	1	
CB	5	93	3	1	4	2	1.343	1	
CB	5	94	3	1	5	2	1.223	1	
CB	5	95	3	1	6	2	1.191	1	
CB	5	96	3	2	3	2	1.407	1	
CB	5	97	3	2	4	2	1.374	1	
CB	5	98	3	2	5	2	1.607	1	
CB	5	99	3	2	6	1	0.824	1	
CB	5	100	3	3	4	1	1.215	1	
CB	5	101	3	3	5	2	1.309	1	
CB	5	102	3	3	6	1	1.013	1	
CB	5	103	3	4	5	2	1.016	1	
CB	5	104	3	4	6	1	1.855	1	
CB	5	105	3	5	6	2	2.655	1	
CB	5	106	4	1	2	2	1.446	1	
CB	5	107	4	1	3	2	0.662	1	
CB	5	108	4	1	4	2	0.903	1	
CB	5	109	4	1	5	2	1.727	1	
CB	5	110	4	1	6	1	1.581	1	
CB	5	111	4	2	3	1	0.975	1	
CB	5	112	4	2	4	2	1.031	1	
CB	5	113	4	2	5	2	0.831	1	
CB	5	114	4	2	6	2	0.751	1	
CB	5	115	4	3	4	2	1.015	1	
CB	5	116	4	3	5	1	1.406	1	
CB	5	117	4	3	6	1	0.975	1	
CB	5	118	4	4	5	2	0.830	1	
CB	5	119	4	4	6	1	1.254	1	
CB	5	120	4	5	6	1	2.008	1	
CY	6	1	1	1	2	2	1.225	1	
CY	6	2	1	1	3	2	1.294	1	
CY	6	3	1	1	4	1	0.871	1	
CY	6	4	1	1	5	2	0.735	1	
CY	6	5	1	1	6	1	1.135	1	
CY	6	6	1	2	3	2	2.176	1	
CY	6	7	1	2	4	2	1.766	1	
CY	6	8	1	2	5	1	0.878	1	
CY	6	9	1	2	6	1	1.246	1	
CY	6	10	1	3	4	1	1.271	1	
CY	6	11	1	3	5	1	0.799	1	
CY	6	12	1	3	6	1	1.189	1	
CY	6	13	1	4	5	1	1.327	1	
CY	6	14	1	4	6	1	0.909	1	
CY	6	15	1	5	6	1	1.190	1	
CY	6	16	2	1	2	2	0.876	1	
CY	6	17	2	1	3	2	1.965	1	
CY	6	18	2	1	4	2	0.876	1	
CY	6	19	2	1	5	2	2.232	1	
CY	6	20	2	1	6	1	2.455	1	
CY	6	21	2	2	3	2	1.438	1	
CY	6	22	2	2	4	2	0.910	1	
CY	6	23	2	2	5	2	1.575	1	
CY	6	24	2	2	6	1	1.230	1	
CY	6	25	2	3	4	1	1.477	1	
CY	6	26	2	3	5	1	1.111	1	
CY	6	27	2	3	6	2	0.797	1	
CY	6	28	2	4	5	1	2.133	1	
CY	6	29	2	4	6	1	1.887	1	
CY	6	30	2	5	6	1	2.102	1	
CY	6	31	3	1	2	2	0.901	1	
CY	6	32	3	1	3	2	1.564	1	
CY	6	33	3	1	4	2	1.213	1	
CY	6	34	3	1	5	1	1.015	1	
CY	6	35	3	1	6	1	1.518	1	
CY	6	36	3	2	3	2	0.959	1	
CY	6	37	3	2	4	1	0.831	1	
CY	6	38	3	2	5	1	1.164	1	
CY	6	39	3	2	6	1	0.965	1	
CY	6	40	3	3	4	1	1.215	1	
CY	6	41	3	3	5	1	1.381	1	
CY	6	42	3	3	6	1	0.949	1	
CY	6	43	3	4	5	1	1.781	1	
CY	6	44	3	4	6	1	1.421	1	
CY	6	45	3	5	6	1	4.023	1	
CY	6	46	4	1	2	2	1.133	1	
CY	6	47	4	1	3	2	1.062	1	
CY	6	48	4	1	4	2	0.998	1	
CY	6	49	4	1	5	2	1.198	1	
CY	6	50	4	1	6	2	1.109	1	
CY	6	51	4	2	3	1	1.612	1	
CY	6	52	4	2	4	1	1.446	1	
CY	6	53	4	2	5	1	10.135	1	
CY	6	54	4	2	6	2	1.191	1	
CY	6	55	4	3	4	1	1.216	1	
CY	6	56	4	3	5	1	2.022	1	
CY	6	57	4	3	6	1	1.429	1	
CY	6	58	4	4	5	1	1.759	1	
CY	6	59	4	4	6	1	1.197	1	
CY	6	60	4	5	6	1	1.765	1	
CB	6	61	1	1	2	2	1.309	1	
CB	6	62	1	1	3	2	0.782	1	
CB	6	63	1	1	4	2	1.438	1	
CB	6	64	1	1	5	1	1.037	1	
CB	6	65	1	1	6	2	1.853	1	
CB	6	66	1	2	3	2	1.775	1	
CB	6	67	1	2	4	2	0.797	1	
CB	6	68	1	2	5	2	1.837	1	
CB	6	69	1	2	6	1	1.918	1	
CB	6	70	1	3	4	2	1.117	1	
CB	6	71	1	3	5	1	1.642	1	
CB	6	72	1	3	6	1	1.798	1	
CB	6	73	1	4	5	1	1.262	1	
CB	6	74	1	4	6	1	1.469	1	
CB	6	75	1	5	6	1	1.862	1	
CB	6	76	2	1	2	2	1.502	1	
CB	6	77	2	1	3	2	0.911	1	
CB	6	78	2	1	4	2	2.135	1	
CB	6	79	2	1	5	2	1.047	1	
CB	6	80	2	1	6	1	0.805	1	
CB	6	81	2	2	3	2	1.311	1	
CB	6	82	2	2	4	2	0.991	1	
CB	6	83	2	2	5	2	1.262	1	
CB	6	84	2	2	6	1	1.556	1	
CB	6	85	2	3	4	2	1.012	1	
CB	6	86	2	3	5	1	1.895	1	
CB	6	87	2	3	6	1	2.039	1	
CB	6	88	2	4	5	1	1.438	1	
CB	6	89	2	4	6	1	1.484	1	
CB	6	90	2	5	6	1	1.175	1	
CB	6	91	3	1	2	1	1.052	1	
CB	6	92	3	1	3	2	1.319	1	
CB	6	93	3	1	4	2	1.262	1	
CB	6	94	3	1	5	2	1.593	1	
CB	6	95	3	1	6	2	0.943	1	
CB	6	96	3	2	3	2	1.061	1	
CB	6	97	3	2	4	2	2.733	1	
CB	6	98	3	2	5	1	2.752	1	
CB	6	99	3	2	6	2	1.046	1	
CB	6	100	3	3	4	2	1.219	1	
CB	6	101	3	3	5	1	0.868	1	
CB	6	102	3	3	6	1	1.055	1	
CB	6	103	3	4	5	2	0.958	1	
CB	6	104	3	4	6	1	1.334	1	
CB	6	105	3	5	6	2	1.549	1	
CB	6	106	4	1	2	2	1.606	1	
CB	6	107	4	1	3	2	1.838	1	
CB	6	108	4	1	4	1	1.735	1	
CB	6	109	4	1	5	2	0.756	1	
CB	6	110	4	1	6	2	1.253	1	
CB	6	111	4	2	3	2	1.263	1	
CB	6	112	4	2	4	2	0.959	1	
CB	6	113	4	2	5	2	1.157	1	
CB	6	114	4	2	6	1	2.045	1	
CB	6	115	4	3	4	2	0.975	1	
CB	6	116	4	3	5	2	1.342	1	
CB	6	117	4	3	6	1	1.198	1	
CB	6	118	4	4	5	1	1.934	1	
CB	6	119	4	4	6	1	1.038	1	
CB	6	120	4	5	6	1	1.391	1	
CY	7	1	1	1	2	2	1.092	1	
CY	7	2	1	1	3	2	1.016	1	
CY	7	3	1	1	4	2	1.021	1	
CY	7	4	1	1	5	1	3.238	1	
CY	7	5	1	1	6	1	0.965	1	
CY	7	6	1	2	3	2	1.790	1	
CY	7	7	1	2	4	2	1.024	1	
CY	7	8	1	2	5	1	0.967	1	
CY	7	9	1	2	6	1	0.939	1	
CY	7	10	1	3	4	1	1.319	1	
CY	7	11	1	3	5	1	0.807	1	
CY	7	12	1	3	6	1	1.024	1	
CY	7	13	1	4	5	1	1.933	1	
CY	7	14	1	4	6	1	0.959	1	
CY	7	15	1	5	6	1	1.317	1	
CY	7	16	2	1	2	2	1.253	1	
CY	7	17	2	1	3	2	2.879	1	
CY	7	18	2	1	4	2	1.062	1	
CY	7	19	2	1	5	2	1.342	1	
CY	7	20	2	1	6	1	2.909	1	
CY	7	21	2	2	3	2	1.165	1	
CY	7	22	2	2	4	2	1.143	1	
CY	7	23	2	2	5	1	0.797	1	
CY	7	24	2	2	6	2	1.247	1	
CY	7	25	2	3	4	1	1.141	1	
CY	7	26	2	3	5	2	1.740	1	
CY	7	27	2	3	6	1	1.142	1	
CY	7	28	2	4	5	1	2.856	1	
CY	7	29	2	4	6	1	1.102	1	
CY	7	30	2	5	6	1	1.558	1	
CY	7	31	3	1	2	2	1.404	1	
CY	7	32	3	1	3	2	1.478	1	
CY	7	33	3	1	4	2	1.144	1	
CY	7	34	3	1	5	1	1.080	1	
CY	7	35	3	1	6	1	0.736	1	
CY	7	36	3	2	3	2	1.391	1	
CY	7	37	3	2	4	2	1.167	1	
CY	7	38	3	2	5	1	1.205	1	
CY	7	39	3	2	6	2	1.367	1	
CY	7	40	3	3	4	2	1.768	1	
CY	7	41	3	3	5	2	0.767	1	
CY	7	42	3	3	6	1	0.798	1	
CY	7	43	3	4	5	1	1.056	1	
CY	7	44	3	4	6	1	0.959	1	
CY	7	45	3	5	6	1	2.118	1	
CY	7	46	4	1	2	2	1.638	1	
CY	7	47	4	1	3	2	1.214	1	
CY	7	48	4	1	4	1	1.320	1	
CY	7	49	4	1	5	2	1.086	1	
CY	7	50	4	1	6	2	2.584	1	
CY	7	51	4	2	3	1	1.639	1	
CY	7	52	4	2	4	1	1.367	1	
CY	7	53	4	2	5	2	0.775	1	
CY	7	54	4	2	6	1	1.141	1	
CY	7	55	4	3	4	2	0.863	1	
CY	7	56	4	3	5	1	1.236	1	
CY	7	57	4	3	6	1	1.312	1	
CY	7	58	4	4	5	1	2.430	1	
CY	7	59	4	4	6	1	1.416	1	
CY	7	60	4	5	6	1	1.414	1	
CB	7	61	1	1	2	2	1.662	1	
CB	7	62	1	1	3	2	0.902	1	
CB	7	63	1	1	4	2	1.240	1	
CB	7	64	1	1	5	2	1.389	1	
CB	7	65	1	1	6	2	1.047	1	
CB	7	66	1	2	3	2	1.300	1	
CB	7	67	1	2	4	2	0.759	1	
CB	7	68	1	2	5	2	0.960	1	
CB	7	69	1	2	6	1	1.392	1	
CB	7	70	1	3	4	2	1.831	1	
CB	7	71	1	3	5	1	1.303	1	
CB	7	72	1	3	6	2	1.583	1	
CB	7	73	1	4	5	2	1.405	1	
CB	7	74	1	4	6	1	4.038	1	
CB	7	75	1	5	6	1	1.269	1	
CB	7	76	2	1	2	2	1.204	1	
CB	7	77	2	1	3	2	0.783	1	
CB	7	78	2	1	4	2	0.924	1	
CB	7	79	2	1	5	1	1.775	1	
CB	7	80	2	1	6	1	0.758	1	
CB	7	81	2	2	3	2	1.576	1	
CB	7	82	2	2	4	1	2.620	1	
CB	7	83	2	2	5	1	1.437	1	
CB	7	84	2	2	6	1	2.454	1	
CB	7	85	2	3	4	2	1.406	1	
CB	7	86	2	3	5	2	1.228	1	
CB	7	87	2	3	6	1	1.096	1	
CB	7	88	2	4	5	1	1.496	1	
CB	7	89	2	4	6	1	1.116	1	
CB	7	90	2	5	6	1	1.831	1	
CB	7	91	3	1	2	2	1.568	1	
CB	7	92	3	1	3	1	1.398	1	
CB	7	93	3	1	4	2	1.119	1	
CB	7	94	3	1	5	2	1.024	1	
CB	7	95	3	1	6	2	1.086	1	
CB	7	96	3	2	3	2	1.927	1	
CB	7	97	3	2	4	1	1.687	1	
CB	7	98	3	2	5	2	1.368	1	
CB	7	99	3	2	6	1	1.029	1	
CB	7	100	3	3	4	2	1.414	1	
CB	7	101	3	3	5	1	2.960	1	
CB	7	102	3	3	6	1	1.357	1	
CB	7	103	3	4	5	1	1.760	1	
CB	7	104	3	4	6	1	2.613	1	
CB	7	105	3	5	6	1	0.982	1	
CB	7	106	4	1	2	2	1.000	1	
CB	7	107	4	1	3	2	0.790	1	
CB	7	108	4	1	4	2	1.030	1	
CB	7	109	4	1	5	2	0.814	1	
CB	7	110	4	1	6	1	1.655	1	
CB	7	111	4	2	3	1	0.965	1	
CB	7	112	4	2	4	2	0.903	1	
CB	7	113	4	2	5	1	1.551	1	
CB	7	114	4	2	6	2	0.807	1	
CB	7	115	4	3	4	2	1.072	1	
CB	7	116	4	3	5	1	1.420	1	
CB	7	117	4	3	6	1	0.943	1	
CB	7	118	4	4	5	2	1.997	1	
CB	7	119	4	4	6	1	0.965	1	
CB	7	120	4	5	6	1	0.963	1	
CY	8	1	1	1	2	2	1.175	2	
CY	8	2	1	1	3	2	0.890	2	
CY	8	3	1	1	4	1	1.068	2	
CY	8	4	1	1	5	1	2.677	2	
CY	8	5	1	1	6	1	1.527	2	
CY	8	6	1	2	3	2	1.557	2	
CY	8	7	1	2	4	2	2.338	2	
CY	8	8	1	2	5	1	0.890	2	
CY	8	9	1	2	6	1	0.877	2	
CY	8	10	1	3	4	2	1.310	2	
CY	8	11	1	3	5	1	3.068	2	
CY	8	12	1	3	6	1	1.218	2	
CY	8	13	1	4	5	2	1.623	2	
CY	8	14	1	4	6	1	1.263	2	
CY	8	15	1	5	6	1	0.910	2	
CY	8	16	2	1	2	1	1.860	2	
CY	8	17	2	1	3	2	1.286	2	
CY	8	18	2	1	4	2	0.860	2	
CY	8	19	2	1	5	1	1.998	2	
CY	8	20	2	1	6	2	1.934	2	
CY	8	21	2	2	3	2	0.855	2	
CY	8	22	2	2	4	2	0.988	2	
CY	8	23	2	2	5	2	1.393	2	
CY	8	24	2	2	6	1	1.377	2	
CY	8	25	2	3	4	2	0.892	2	
CY	8	26	2	3	5	2	1.362	2	
CY	8	27	2	3	6	1	1.043	2	
CY	8	28	2	4	5	1	1.078	2	
CY	8	29	2	4	6	1	0.842	2	
CY	8	30	2	5	6	2	2.440	2	
CY	8	31	3	1	2	2	2.778	2	
CY	8	32	3	1	3	2	0.814	2	
CY	8	33	3	1	4	2	0.863	2	
CY	8	34	3	1	5	1	1.642	2	
CY	8	35	3	1	6	1	1.745	2	
CY	8	36	3	2	3	2	1.410	2	
CY	8	37	3	2	4	2	1.356	2	
CY	8	38	3	2	5	2	1.077	2	
CY	8	39	3	2	6	1	1.218	2	
CY	8	40	3	3	4	1	1.317	2	
CY	8	41	3	3	5	2	0.656	2	
CY	8	42	3	3	6	1	1.226	2	
CY	8	43	3	4	5	1	0.799	2	
CY	8	44	3	4	6	1	0.849	2	
CY	8	45	3	5	6	1	1.528	2	
CY	8	46	4	1	2	1	1.317	2	
CY	8	47	4	1	3	2	1.168	2	
CY	8	48	4	1	4	2	1.556	2	
CY	8	49	4	1	5	1	2.184	2	
CY	8	50	4	1	6	2	2.035	2	
CY	8	51	4	2	3	2	1.065	2	
CY	8	52	4	2	4	2	2.025	2	
CY	8	53	4	2	5	1	1.288	2	
CY	8	54	4	2	6	2	0.800	2	
CY	8	55	4	3	4	2	1.009	2	
CY	8	56	4	3	5	1	3.862	2	
CY	8	57	4	3	6	1	1.084	2	
CY	8	58	4	4	5	1	1.167	2	
CY	8	59	4	4	6	1	1.499	2	
CY	8	60	4	5	6	1	1.525	2	
CB	8	61	1	1	2	2	1.421	2	
CB	8	62	1	1	3	2	1.306	2	
CB	8	63	1	1	4	2	1.226	2	
CB	8	64	1	1	5	2	0.995	2	
CB	8	65	1	1	6	2	1.229	2	
CB	8	66	1	2	3	2	1.392	2	
CB	8	67	1	2	4	2	1.624	2	
CB	8	68	1	2	5	2	1.587	2	
CB	8	69	1	2	6	1	0.997	2	
CB	8	70	1	3	4	2	1.589	2	
CB	8	71	1	3	5	2	1.461	2	
CB	8	72	1	3	6	2	1.444	2	
CB	8	73	1	4	5	2	1.385	2	
CB	8	74	1	4	6	1	2.481	2	
CB	8	75	1	5	6	1	1.114	2	
CB	8	76	2	1	2	2	1.490	2	
CB	8	77	2	1	3	2	0.862	2	
CB	8	78	2	1	4	2	1.178	2	
CB	8	79	2	1	5	2	1.512	2	
CB	8	80	2	1	6	2	1.285	2	
CB	8	81	2	2	3	2	1.725	2	
CB	8	82	2	2	4	2	0.815	2	
CB	8	83	2	2	5	1	0.965	2	
CB	8	84	2	2	6	1	1.301	2	
CB	8	85	2	3	4	2	0.950	2	
CB	8	86	2	3	5	1	1.186	2	
CB	8	87	2	3	6	1	1.313	2	
CB	8	88	2	4	5	1	1.794	2	
CB	8	89	2	4	6	1	1.048	2	
CB	8	90	2	5	6	1	1.575	2	
CB	8	91	3	1	2	2	1.605	2	
CB	8	92	3	1	3	1	0.923	2	
CB	8	93	3	1	4	2	1.384	2	
CB	8	94	3	1	5	2	0.720	2	
CB	8	95	3	1	6	2	1.279	2	
CB	8	96	3	2	3	2	0.784	2	
CB	8	97	3	2	4	2	0.756	2	
CB	8	98	3	2	5	1	0.989	2	
CB	8	99	3	2	6	1	0.909	2	
CB	8	100	3	3	4	1	1.003	2	
CB	8	101	3	3	5	1	1.035	2	
CB	8	102	3	3	6	1	0.971	2	
CB	8	103	3	4	5	1	1.271	2	
CB	8	104	3	4	6	1	1.557	2	
CB	8	105	3	5	6	1	0.871	2	
CB	8	106	4	1	2	2	1.816	2	
CB	8	107	4	1	3	2	0.920	2	
CB	8	108	4	1	4	2	1.195	2	
CB	8	109	4	1	5	2	0.958	2	
CB	8	110	4	1	6	1	2.026	2	
CB	8	111	4	2	3	2	1.000	2	
CB	8	112	4	2	4	2	1.010	2	
CB	8	113	4	2	5	2	1.342	2	
CB	8	114	4	2	6	1	2.160	2	
CB	8	115	4	3	4	2	0.830	2	
CB	8	116	4	3	5	2	14.564	2	
CB	8	117	4	3	6	1	1.342	2	
CB	8	118	4	4	5	1	1.517	2	
CB	8	119	4	4	6	1	1.021	2	
CB	8	120	4	5	6	1	1.439	2	
CY	9	1	1	1	2	2	1.129	2	
CY	9	2	1	1	3	2	1.015	2	
CY	9	3	1	1	4	2	0.927	2	
CY	9	4	1	1	5	2	0.950	2	
CY	9	5	1	1	6	1	1.087	2	
CY	9	6	1	2	3	2	1.352	2	
CY	9	7	1	2	4	2	1.491	2	
CY	9	8	1	2	5	1	0.968	2	
CY	9	9	1	2	6	1	2.239	2	
CY	9	10	1	3	4	1	0.943	2	
CY	9	11	1	3	5	2	1.055	2	
CY	9	12	1	3	6	1	1.271	2	
CY	9	13	1	4	5	1	2.400	2	
CY	9	14	1	4	6	1	0.887	2	
CY	9	15	1	5	6	1	0.865	2	
CY	9	16	2	1	2	2	0.858	2	
CY	9	17	2	1	3	2	1.232	2	
CY	9	18	2	1	4	2	0.879	2	
CY	9	19	2	1	5	2	1.520	2	
CY	9	20	2	1	6	2	0.911	2	
CY	9	21	2	2	3	2	0.680	2	
CY	9	22	2	2	4	2	0.841	2	
CY	9	23	2	2	5	2	1.183	2	
CY	9	24	2	2	6	2	2.240	2	
CY	9	25	2	3	4	1	0.902	2	
CY	9	26	2	3	5	2	1.224	2	
CY	9	27	2	3	6	1	0.921	2	
CY	9	28	2	4	5	1	0.897	2	
CY	9	29	2	4	6	1	1.456	2	
CY	9	30	2	5	6	1	2.039	2	
CY	9	31	3	1	2	2	1.544	2	
CY	9	32	3	1	3	2	0.897	2	
CY	9	33	3	1	4	1	1.143	2	
CY	9	34	3	1	5	1	0.824	2	
CY	9	35	3	1	6	1	1.912	2	
CY	9	36	3	2	3	2	1.039	2	
CY	9	37	3	2	4	1	2.865	2	
CY	9	38	3	2	5	1	1.160	2	
CY	9	39	3	2	6	1	1.026	2	
CY	9	40	3	3	4	1	2.225	2	
CY	9	41	3	3	5	2	0.959	2	
CY	9	42	3	3	6	1	1.313	2	
CY	9	43	3	4	5	1	1.128	2	
CY	9	44	3	4	6	1	0.776	2	
CY	9	45	3	5	6	1	1.865	2	
CY	9	46	4	1	2	2	1.767	2	
CY	9	47	4	1	3	2	1.039	2	
CY	9	48	4	1	4	2	2.265	2	
CY	9	49	4	1	5	2	1.072	2	
CY	9	50	4	1	6	2	1.110	2	
CY	9	51	4	2	3	1	1.559	2	
CY	9	52	4	2	4	2	1.256	2	
CY	9	53	4	2	5	1	1.782	2	
CY	9	54	4	2	6	2	0.711	2	
CY	9	55	4	3	4	2	0.800	2	
CY	9	56	4	3	5	2	1.192	2	
CY	9	57	4	3	6	2	0.807	2	
CY	9	58	4	4	5	1	1.321	2	
CY	9	59	4	4	6	1	1.546	2	
CY	9	60	4	5	6	1	1.145	2	
CB	9	61	1	1	2	2	1.903	2	
CB	9	62	1	1	3	2	0.754	2	
CB	9	63	1	1	4	2	1.263	2	
CB	9	64	1	1	5	2	1.345	2	
CB	9	65	1	1	6	1	1.121	2	
CB	9	66	1	2	3	2	1.607	2	
CB	9	67	1	2	4	2	0.912	2	
CB	9	68	1	2	5	2	1.167	2	
CB	9	69	1	2	6	2	1.064	2	
CB	9	70	1	3	4	2	1.151	2	
CB	9	71	1	3	5	2	0.951	2	
CB	9	72	1	3	6	2	1.207	2	
CB	9	73	1	4	5	2	1.137	2	
CB	9	74	1	4	6	2	1.488	2	
CB	9	75	1	5	6	1	1.231	2	
CB	9	76	2	1	2	1	1.016	2	
CB	9	77	2	1	3	2	0.801	2	
CB	9	78	2	1	4	2	0.807	2	
CB	9	79	2	1	5	2	1.185	2	
CB	9	80	2	1	6	1	2.175	2	
CB	9	81	2	2	3	2	1.431	2	
CB	9	82	2	2	4	2	0.976	2	
CB	9	83	2	2	5	1	0.770	2	
CB	9	84	2	2	6	2	0.919	2	
CB	9	85	2	3	4	2	2.393	2	
CB	9	86	2	3	5	2	0.944	2	
CB	9	87	2	3	6	1	1.096	2	
CB	9	88	2	4	5	1	0.968	2	
CB	9	89	2	4	6	1	1.248	2	
CB	9	90	2	5	6	1	2.047	2	
CB	9	91	3	1	2	1	1.831	2	
CB	9	92	3	1	3	2	1.255	2	
CB	9	93	3	1	4	2	1.328	2	
CB	9	94	3	1	5	2	0.831	2	
CB	9	95	3	1	6	2	0.967	2	
CB	9	96	3	2	3	2	1.761	2	
CB	9	97	3	2	4	1	2.376	2	
CB	9	98	3	2	5	2	1.424	2	
CB	9	99	3	2	6	2	0.927	2	
CB	9	100	3	3	4	2	1.775	2	
CB	9	101	3	3	5	1	2.071	2	
CB	9	102	3	3	6	1	1.113	2	
CB	9	103	3	4	5	1	0.992	2	
CB	9	104	3	4	6	1	1.687	2	
CB	9	105	3	5	6	2	1.969	2	
CB	9	106	4	1	2	2	1.567	2	
CB	9	107	4	1	3	2	0.889	2	
CB	9	108	4	1	4	2	2.321	2	
CB	9	109	4	1	5	2	1.136	2	
CB	9	110	4	1	6	2	0.688	2	
CB	9	111	4	2	3	1	0.712	2	
CB	9	112	4	2	4	2	0.848	2	
CB	9	113	4	2	5	1	0.936	2	
CB	9	114	4	2	6	1	1.120	2	
CB	9	115	4	3	4	2	1.480	2	
CB	9	116	4	3	5	2	0.816	2	
CB	9	117	4	3	6	1	0.880	2	
CB	9	118	4	4	5	2	0.842	2	
CB	9	119	4	4	6	1	1.025	2	
CB	9	120	4	5	6	1	2.023	2	
CY	10	1	1	1	2	2	1.305	2	
CY	10	2	1	1	3	2	0.888	2	
CY	10	3	1	1	4	2	1.369	2	
CY	10	4	1	1	5	1	4.777	2	
CY	10	5	1	1	6	1	1.448	2	
CY	10	6	1	2	3	2	1.050	2	
CY	10	7	1	2	4	2	1.274	2	
CY	10	8	1	2	5	1	2.223	2	
CY	10	9	1	2	6	1	1.538	2	
CY	10	10	1	3	4	1	2.426	2	
CY	10	11	1	3	5	1	1.353	2	
CY	10	12	1	3	6	1	1.281	2	
CY	10	13	1	4	5	1	2.529	2	
CY	10	14	1	4	6	1	1.326	2	
CY	10	15	1	5	6	1	1.098	2	
CY	10	16	2	1	2	2	1.706	2	
CY	10	17	2	1	3	1	2.288	2	
CY	10	18	2	1	4	2	1.136	2	
CY	10	19	2	1	5	2	1.969	2	
CY	10	20	2	1	6	2	1.529	2	
CY	10	21	2	2	3	2	0.786	2	
CY	10	22	2	2	4	2	0.967	2	
CY	10	23	2	2	5	2	1.655	2	
CY	10	24	2	2	6	2	0.906	2	
CY	10	25	2	3	4	2	1.162	2	
CY	10	26	2	3	5	1	2.185	2	
CY	10	27	2	3	6	2	1.113	2	
CY	10	28	2	4	5	1	1.275	2	
CY	10	29	2	4	6	1	1.135	2	
CY	10	30	2	5	6	1	2.714	2	
CY	10	31	3	1	2	2	2.370	2	
CY	10	32	3	1	3	2	1.010	2	
CY	10	33	3	1	4	1	2.466	2	
CY	10	34	3	1	5	1	1.017	2	
CY	10	35	3	1	6	1	1.591	2	
CY	10	36	3	2	3	2	1.041	2	
CY	10	37	3	2	4	1	1.922	2	
CY	10	38	3	2	5	2	1.242	2	
CY	10	39	3	2	6	1	1.187	2	
CY	10	40	3	3	4	1	1.865	2	
CY	10	41	3	3	5	2	1.041	2	
CY	10	42	3	3	6	1	1.329	2	
CY	10	43	3	4	5	1	1.706	2	
CY	10	44	3	4	6	1	1.816	2	
CY	10	45	3	5	6	1	2.377	2	
CY	10	46	4	1	2	2	2.703	2	
CY	10	47	4	1	3	2	0.978	2	
CY	10	48	4	1	4	2	1.170	2	
CY	10	49	4	1	5	2	1.474	2	
CY	10	50	4	1	6	2	1.146	2	
CY	10	51	4	2	3	1	1.480	2	
CY	10	52	4	2	4	1	2.562	2	
CY	10	53	4	2	5	2	1.959	2	
CY	10	54	4	2	6	1	2.321	2	
CY	10	55	4	3	4	2	1.024	2	
CY	10	56	4	3	5	2	2.249	2	
CY	10	57	4	3	6	1	1.382	2	
CY	10	58	4	4	5	1	1.761	2	
CY	10	59	4	4	6	1	1.279	2	
CY	10	60	4	5	6	1	1.810	2	
CB	10	61	1	1	2	2	1.413	2	
CB	10	62	1	1	3	2	0.746	2	
CB	10	63	1	1	4	2	1.113	2	
CB	10	64	1	1	5	2	1.233	2	
CB	10	65	1	1	6	2	1.128	2	
CB	10	66	1	2	3	2	1.431	2	
CB	10	67	1	2	4	2	1.745	2	
CB	10	68	1	2	5	2	1.145	2	
CB	10	69	1	2	6	2	1.481	2	
CB	10	70	1	3	4	2	1.608	2	
CB	10	71	1	3	5	2	0.953	2	
CB	10	72	1	3	6	2	1.196	2	
CB	10	73	1	4	5	2	0.835	2	
CB	10	74	1	4	6	2	1.894	2	
CB	10	75	1	5	6	1	1.136	2	
CB	10	76	2	1	2	1	0.917	2	
CB	10	77	2	1	3	2	0.899	2	
CB	10	78	2	1	4	2	0.873	2	
CB	10	79	2	1	5	2	1.194	2	
CB	10	80	2	1	6	1	1.103	2	
CB	10	81	2	2	3	1	1.672	2	
CB	10	82	2	2	4	2	1.242	2	
CB	10	83	2	2	5	1	2.578	2	
CB	10	84	2	2	6	1	2.368	2	
CB	10	85	2	3	4	2	1.145	2	
CB	10	86	2	3	5	1	1.924	2	
CB	10	87	2	3	6	1	1.802	2	
CB	10	88	2	4	5	1	1.474	2	
CB	10	89	2	4	6	1	2.417	2	
CB	10	90	2	5	6	1	2.370	2	
CB	10	91	3	1	2	2	2.570	2	
CB	10	92	3	1	3	2	1.217	2	
CB	10	93	3	1	4	2	1.161	2	
CB	10	94	3	1	5	2	3.048	2	
CB	10	95	3	1	6	1	1.222	2	
CB	10	96	3	2	3	2	1.544	2	
CB	10	97	3	2	4	2	1.026	2	
CB	10	98	3	2	5	2	1.209	2	
CB	10	99	3	2	6	1	0.902	2	
CB	10	100	3	3	4	2	1.182	2	
CB	10	101	3	3	5	1	1.151	2	
CB	10	102	3	3	6	1	0.987	2	
CB	10	103	3	4	5	2	1.010	2	
CB	10	104	3	4	6	1	2.635	2	
CB	10	105	3	5	6	1	1.577	2	
CB	10	106	4	1	2	2	1.672	2	
CB	10	107	4	1	3	2	2.767	2	
CB	10	108	4	1	4	2	1.153	2	
CB	10	109	4	1	5	2	1.378	2	
CB	10	110	4	1	6	2	0.772	2	
CB	10	111	4	2	3	1	1.553	2	
CB	10	112	4	2	4	2	1.128	2	
CB	10	113	4	2	5	1	1.195	2	
CB	10	114	4	2	6	2	1.723	2	
CB	10	115	4	3	4	2	1.065	2	
CB	10	116	4	3	5	1	1.351	2	
CB	10	117	4	3	6	1	1.305	2	
CB	10	118	4	4	5	1	1.370	2	
CB	10	119	4	4	6	1	1.375	2	
CB	10	120	4	5	6	1	1.841	2	
CY	11	1	1	1	2	2	1.348	2	
CY	11	2	1	1	3	2	1.418	2	
CY	11	3	1	1	4	2	1.243	2	
CY	11	4	1	1	5	1	1.649	2	
CY	11	5	1	1	6	1	1.178	2	
CY	11	6	1	2	3	2	0.875	2	
CY	11	7	1	2	4	2	1.123	2	
CY	11	8	1	2	5	2	0.986	2	
CY	11	9	1	2	6	1	1.188	2	
CY	11	10	1	3	4	2	1.451	2	
CY	11	11	1	3	5	2	1.099	2	
CY	11	12	1	3	6	1	1.690	2	
CY	11	13	1	4	5	2	1.212	2	
CY	11	14	1	4	6	1	1.484	2	
CY	11	15	1	5	6	1	0.984	2	
CY	11	16	2	1	2	2	2.043	2	
CY	11	17	2	1	3	2	1.419	2	
CY	11	18	2	1	4	2	1.042	2	
CY	11	19	2	1	5	2	1.211	2	
CY	11	20	2	1	6	2	1.090	2	
CY	11	21	2	2	3	2	1.010	2	
CY	11	22	2	2	4	2	0.835	2	
CY	11	23	2	2	5	2	1.531	2	
CY	11	24	2	2	6	2	1.700	2	
CY	11	25	2	3	4	2	1.058	2	
CY	11	26	2	3	5	2	1.731	2	
CY	11	27	2	3	6	1	1.185	2	
CY	11	28	2	4	5	1	0.979	2	
CY	11	29	2	4	6	1	1.163	2	
CY	11	30	2	5	6	1	1.380	2	
CY	11	31	3	1	2	2	0.851	2	
CY	11	32	3	1	3	2	1.339	2	
CY	11	33	3	1	4	2	1.098	2	
CY	11	34	3	1	5	1	0.851	2	
CY	11	35	3	1	6	1	2.227	2	
CY	11	36	3	2	3	1	2.267	2	
CY	11	37	3	2	4	2	0.962	2	
CY	11	38	3	2	5	1	1.483	2	
CY	11	39	3	2	6	1	1.506	2	
CY	11	40	3	3	4	1	1.700	2	
CY	11	41	3	3	5	2	2.580	2	
CY	11	42	3	3	6	1	0.691	2	
CY	11	43	3	4	5	1	0.828	2	
CY	11	44	3	4	6	1	1.012	2	
CY	11	45	3	5	6	1	3.090	2	
CY	11	46	4	1	2	2	1.298	2	
CY	11	47	4	1	3	2	0.921	2	
CY	11	48	4	1	4	2	1.155	2	
CY	11	49	4	1	5	2	1.396	2	
CY	11	50	4	1	6	2	1.081	2	
CY	11	51	4	2	3	1	1.264	2	
CY	11	52	4	2	4	2	1.571	2	
CY	11	53	4	2	5	1	1.706	2	
CY	11	54	4	2	6	2	3.379	2	
CY	11	55	4	3	4	2	1.515	2	
CY	11	56	4	3	5	2	0.914	2	
CY	11	57	4	3	6	1	1.284	2	
CY	11	58	4	4	5	2	1.219	2	
CY	11	59	4	4	6	1	0.995	2	
CY	11	60	4	5	6	1	2.236	2	
CB	11	61	1	1	2	2	1.331	2	
CB	11	62	1	1	3	2	0.963	2	
CB	11	63	1	1	4	2	1.490	2	
CB	11	64	1	1	5	2	1.235	2	
CB	11	65	1	1	6	2	0.931	2	
CB	11	66	1	2	3	1	2.594	2	
CB	11	67	1	2	4	2	1.043	2	
CB	11	68	1	2	5	2	1.986	2	
CB	11	69	1	2	6	2	1.260	2	
CB	11	70	1	3	4	2	1.234	2	
CB	11	71	1	3	5	2	2.091	2	
CB	11	72	1	3	6	2	1.050	2	
CB	11	73	1	4	5	2	0.883	2	
CB	11	74	1	4	6	2	1.091	2	
CB	11	75	1	5	6	2	1.627	2	
CB	11	76	2	1	2	2	1.378	2	
CB	11	77	2	1	3	2	0.803	2	
CB	11	78	2	1	4	2	1.548	2	
CB	11	79	2	1	5	2	1.484	2	
CB	11	80	2	1	6	1	1.819	2	
CB	11	81	2	2	3	2	1.338	2	
CB	11	82	2	2	4	1	1.314	2	
CB	11	83	2	2	5	1	1.859	2	
CB	11	84	2	2	6	1	0.946	2	
CB	11	85	2	3	4	2	2.155	2	
CB	11	86	2	3	5	2	1.004	2	
CB	11	87	2	3	6	1	2.019	2	
CB	11	88	2	4	5	1	1.699	2	
CB	11	89	2	4	6	1	1.386	2	
CB	11	90	2	5	6	2	2.363	2	
CB	11	91	3	1	2	2	1.811	2	
CB	11	92	3	1	3	2	2.226	2	
CB	11	93	3	1	4	2	2.035	2	
CB	11	94	3	1	5	2	1.658	2	
CB	11	95	3	1	6	1	2.754	2	
CB	11	96	3	2	3	2	1.811	2	
CB	11	97	3	2	4	1	2.745	2	
CB	11	98	3	2	5	2	1.303	2	
CB	11	99	3	2	6	2	1.649	2	
CB	11	100	3	3	4	2	1.867	2	
CB	11	101	3	3	5	2	1.387	2	
CB	11	102	3	3	6	2	1.250	2	
CB	11	103	3	4	5	1	2.202	2	
CB	11	104	3	4	6	2	1.890	2	
CB	11	105	3	5	6	2	1.386	2	
CB	11	106	4	1	2	2	2.459	2	
CB	11	107	4	1	3	2	1.547	2	
CB	11	108	4	1	4	2	1.499	2	
CB	11	109	4	1	5	2	0.867	2	
CB	11	110	4	1	6	1	0.891	2	
CB	11	111	4	2	3	2	2.562	2	
CB	11	112	4	2	4	2	1.106	2	
CB	11	113	4	2	5	1	1.083	2	
CB	11	114	4	2	6	1	1.227	2	
CB	11	115	4	3	4	2	0.809	2	
CB	11	116	4	3	5	1	1.059	2	
CB	11	117	4	3	6	1	1.659	2	
CB	11	118	4	4	5	1	1.419	2	
CB	11	119	4	4	6	1	2.083	2	
CB	11	120	4	5	6	2	0.891	2	
CY	12	1	1	1	2	2	1.034	2	
CY	12	2	1	1	3	2	1.115	2	
CY	12	3	1	1	4	2	1.478	2	
CY	12	4	1	1	5	1	1.545	2	
CY	12	5	1	1	6	1	1.746	2	
CY	12	6	1	2	3	2	1.283	2	
CY	12	7	1	2	4	1	2.257	2	
CY	12	8	1	2	5	1	1.144	2	
CY	12	9	1	2	6	1	1.274	2	
CY	12	10	1	3	4	1	2.050	2	
CY	12	11	1	3	5	2	1.659	2	
CY	12	12	1	3	6	1	1.179	2	
CY	12	13	1	4	5	1	0.897	2	
CY	12	14	1	4	6	1	0.977	2	
CY	12	15	1	5	6	1	1.219	2	
CY	12	16	2	1	2	2	1.209	2	
CY	12	17	2	1	3	2	1.555	2	
CY	12	18	2	1	4	2	0.898	2	
CY	12	19	2	1	5	2	1.105	2	
CY	12	20	2	1	6	2	1.010	2	
CY	12	21	2	2	3	2	1.081	2	
CY	12	22	2	2	4	2	0.940	2	
CY	12	23	2	2	5	2	1.171	2	
CY	12	24	2	2	6	1	2.305	2	
CY	12	25	2	3	4	2	1.018	2	
CY	12	26	2	3	5	2	1.226	2	
CY	12	27	2	3	6	2	1.025	2	
CY	12	28	2	4	5	1	1.147	2	
CY	12	29	2	4	6	1	1.596	2	
CY	12	30	2	5	6	1	2.018	2	
CY	12	31	3	1	2	2	1.995	2	
CY	12	32	3	1	3	2	1.164	2	
CY	12	33	3	1	4	1	1.114	2	
CY	12	34	3	1	5	1	0.778	2	
CY	12	35	3	1	6	1	1.114	2	
CY	12	36	3	2	3	2	1.002	2	
CY	12	37	3	2	4	2	1.152	2	
CY	12	38	3	2	5	1	0.922	2	
CY	12	39	3	2	6	1	1.202	2	
CY	12	40	3	3	4	1	1.096	2	
CY	12	41	3	3	5	2	1.017	2	
CY	12	42	3	3	6	1	1.147	2	
CY	12	43	3	4	5	1	1.072	2	
CY	12	44	3	4	6	1	1.339	2	
CY	12	45	3	5	6	1	1.746	2	
CY	12	46	4	1	2	2	1.643	2	
CY	12	47	4	1	3	2	0.977	2	
CY	12	48	4	1	4	2	1.082	2	
CY	12	49	4	1	5	1	1.283	2	
CY	12	50	4	1	6	2	1.122	2	
CY	12	51	4	2	3	2	1.594	2	
CY	12	52	4	2	4	2	1.043	2	
CY	12	53	4	2	5	1	1.130	2	
CY	12	54	4	2	6	2	1.249	2	
CY	12	55	4	3	4	2	1.875	2	
CY	12	56	4	3	5	2	0.873	2	
CY	12	57	4	3	6	1	1.011	2	
CY	12	58	4	4	5	1	1.163	2	
CY	12	59	4	4	6	1	1.346	2	
CY	12	60	4	5	6	1	1.409	2	
CB	12	61	1	1	2	2	1.998	2	
CB	12	62	1	1	3	2	0.779	2	
CB	12	63	1	1	4	2	1.954	2	
CB	12	64	1	1	5	2	0.971	2	
CB	12	65	1	1	6	2	1.075	2	
CB	12	66	1	2	3	2	1.419	2	
CB	12	67	1	2	4	2	0.899	2	
CB	12	68	1	2	5	2	0.995	2	
CB	12	69	1	2	6	2	2.354	2	
CB	12	70	1	3	4	2	1.360	2	
CB	12	71	1	3	5	2	0.986	2	
CB	12	72	1	3	6	1	1.954	2	
CB	12	73	1	4	5	2	0.851	2	
CB	12	74	1	4	6	2	2.336	2	
CB	12	75	1	5	6	1	1.010	2	
CB	12	76	2	1	2	2	2.227	2	
CB	12	77	2	1	3	2	0.929	2	
CB	12	78	2	1	4	2	0.994	2	
CB	12	79	2	1	5	2	1.203	2	
CB	12	80	2	1	6	1	2.488	2	
CB	12	81	2	2	3	2	2.371	2	
CB	12	82	2	2	4	2	2.282	2	
CB	12	83	2	2	5	1	1.483	2	
CB	12	84	2	2	6	1	0.971	2	
CB	12	85	2	3	4	2	1.074	2	
CB	12	86	2	3	5	2	1.154	2	
CB	12	87	2	3	6	1	2.386	2	
CB	12	88	2	4	5	1	1.337	2	
CB	12	89	2	4	6	2	1.083	2	
CB	12	90	2	5	6	1	1.985	2	
CB	12	91	3	1	2	1	2.229	2	
CB	12	92	3	1	3	2	1.738	2	
CB	12	93	3	1	4	2	1.507	2	
CB	12	94	3	1	5	2	1.361	2	
CB	12	95	3	1	6	2	1.178	2	
CB	12	96	3	2	3	1	2.650	2	
CB	12	97	3	2	4	2	0.818	2	
CB	12	98	3	2	5	1	1.474	2	
CB	12	99	3	2	6	1	0.890	2	
CB	12	100	3	3	4	1	1.098	2	
CB	12	101	3	3	5	1	1.136	2	
CB	12	102	3	3	6	1	1.738	2	
CB	12	103	3	4	5	1	1.258	2	
CB	12	104	3	4	6	1	2.555	2	
CB	12	105	3	5	6	1	1.889	2	
CB	12	106	4	1	2	2	1.627	2	
CB	12	107	4	1	3	2	2.242	2	
CB	12	108	4	1	4	2	1.449	2	
CB	12	109	4	1	5	2	0.880	2	
CB	12	110	4	1	6	2	1.033	2	
CB	12	111	4	2	3	1	0.860	2	
CB	12	112	4	2	4	2	0.916	2	
CB	12	113	4	2	5	1	0.954	2	
CB	12	114	4	2	6	1	1.100	2	
CB	12	115	4	3	4	2	0.843	2	
CB	12	116	4	3	5	1	1.370	2	
CB	12	117	4	3	6	1	1.089	2	
CB	12	118	4	4	5	1	1.440	2	
CB	12	119	4	4	6	1	1.146	2	
CB	12	120	4	5	6	1	1.330	2	
CY	13	1	1	1	2	2	1.370	2	
CY	13	2	1	1	3	2	1.039	2	
CY	13	3	1	1	4	2	0.794	2	
CY	13	4	1	1	5	1	1.530	2	
CY	13	5	1	1	6	1	2.098	2	
CY	13	6	1	2	3	2	1.002	2	
CY	13	7	1	2	4	2	0.970	2	
CY	13	8	1	2	5	1	2.353	2	
CY	13	9	1	2	6	1	1.331	2	
CY	13	10	1	3	4	1	0.922	2	
CY	13	11	1	3	5	2	1.041	2	
CY	13	12	1	3	6	1	1.289	2	
CY	13	13	1	4	5	1	1.834	2	
CY	13	14	1	4	6	1	1.441	2	
CY	13	15	1	5	6	1	1.121	2	
CY	13	16	2	1	2	2	1.002	2	
CY	13	17	2	1	3	2	1.951	2	
CY	13	18	2	1	4	2	0.960	2	
CY	13	19	2	1	5	2	1.650	2	
CY	13	20	2	1	6	2	1.091	2	
CY	13	21	2	2	3	1	1.434	2	
CY	13	22	2	2	4	2	1.170	2	
CY	13	23	2	2	5	2	3.226	2	
CY	13	24	2	2	6	2	1.072	2	
CY	13	25	2	3	4	2	1.081	2	
CY	13	26	2	3	5	1	0.953	2	
CY	13	27	2	3	6	2	0.882	2	
CY	13	28	2	4	5	1	0.826	2	
CY	13	29	2	4	6	1	2.201	2	
CY	13	30	2	5	6	1	1.186	2	
CY	13	31	3	1	2	2	1.338	2	
CY	13	32	3	1	3	2	1.098	2	
CY	13	33	3	1	4	1	1.133	2	
CY	13	34	3	1	5	1	1.227	2	
CY	13	35	3	1	6	1	1.393	2	
CY	13	36	3	2	3	2	0.929	2	
CY	13	37	3	2	4	2	1.417	2	
CY	13	38	3	2	5	1	1.089	2	
CY	13	39	3	2	6	1	1.130	2	
CY	13	40	3	3	4	1	1.226	2	
CY	13	41	3	3	5	2	0.802	2	
CY	13	42	3	3	6	1	0.931	2	
CY	13	43	3	4	5	1	2.010	2	
CY	13	44	3	4	6	1	1.065	2	
CY	13	45	3	5	6	1	1.513	2	
CY	13	46	4	1	2	2	1.289	2	
CY	13	47	4	1	3	2	1.009	2	
CY	13	48	4	1	4	2	2.409	2	
CY	13	49	4	1	5	2	1.226	2	
CY	13	50	4	1	6	2	1.361	2	
CY	13	51	4	2	3	2	2.993	2	
CY	13	52	4	2	4	2	1.085	2	
CY	13	53	4	2	5	2	0.923	2	
CY	13	54	4	2	6	2	0.864	2	
CY	13	55	4	3	4	2	1.490	2	
CY	13	56	4	3	5	2	2.714	2	
CY	13	57	4	3	6	1	1.563	2	
CY	13	58	4	4	5	2	0.930	2	
CY	13	59	4	4	6	1	1.403	2	
CY	13	60	4	5	6	2	1.034	2	
CB	13	61	1	1	2	2	1.223	2	
CB	13	62	1	1	3	2	1.457	2	
CB	13	63	1	1	4	2	1.682	2	
CB	13	64	1	1	5	2	1.755	2	
CB	13	65	1	1	6	2	1.146	2	
CB	13	66	1	2	3	2	0.970	2	
CB	13	67	1	2	4	2	0.911	2	
CB	13	68	1	2	5	2	0.906	2	
CB	13	69	1	2	6	2	1.153	2	
CB	13	70	1	3	4	2	1.217	2	
CB	13	71	1	3	5	1	1.290	2	
CB	13	72	1	3	6	2	1.776	2	
CB	13	73	1	4	5	1	2.178	2	
CB	13	74	1	4	6	1	0.858	2	
CB	13	75	1	5	6	1	0.947	2	
CB	13	76	2	1	2	1	0.785	2	
CB	13	77	2	1	3	2	0.922	2	
CB	13	78	2	1	4	2	0.983	2	
CB	13	79	2	1	5	2	1.379	2	
CB	13	80	2	1	6	1	1.507	2	
CB	13	81	2	2	3	1	0.906	2	
CB	13	82	2	2	4	2	0.729	2	
CB	13	83	2	2	5	2	1.098	2	
CB	13	84	2	2	6	1	1.930	2	
CB	13	85	2	3	4	2	0.817	2	
CB	13	86	2	3	5	2	1.450	2	
CB	13	87	2	3	6	1	1.545	2	
CB	13	88	2	4	5	1	1.561	2	
CB	13	89	2	4	6	1	1.578	2	
CB	13	90	2	5	6	1	1.872	2	
CB	13	91	3	1	2	1	1.437	2	
CB	13	92	3	1	3	2	1.106	2	
CB	13	93	3	1	4	2	1.241	2	
CB	13	94	3	1	5	2	1.010	2	
CB	13	95	3	1	6	2	0.882	2	
CB	13	96	3	2	3	2	1.175	2	
CB	13	97	3	2	4	1	1.578	2	
CB	13	98	3	2	5	1	1.146	2	
CB	13	99	3	2	6	2	1.024	2	
CB	13	100	3	3	4	2	1.040	2	
CB	13	101	3	3	5	1	0.864	2	
CB	13	102	3	3	6	2	0.962	2	
CB	13	103	3	4	5	2	0.973	2	
CB	13	104	3	4	6	2	1.585	2	
CB	13	105	3	5	6	1	0.800	2	
CB	13	106	4	1	2	2	0.816	2	
CB	13	107	4	1	3	2	1.182	2	
CB	13	108	4	1	4	2	1.058	2	
CB	13	109	4	1	5	2	0.719	2	
CB	13	110	4	1	6	2	1.238	2	
CB	13	111	4	2	3	1	2.065	2	
CB	13	112	4	2	4	2	0.841	2	
CB	13	113	4	2	5	2	1.810	2	
CB	13	114	4	2	6	1	1.378	2	
CB	13	115	4	3	4	2	0.817	2	
CB	13	116	4	3	5	2	0.864	2	
CB	13	117	4	3	6	1	1.954	2	
CB	13	118	4	4	5	1	2.746	2	
CB	13	119	4	4	6	1	1.161	2	
CB	13	120	4	5	6	1	3.137	2	
CY	14	1	1	1	2	2	0.874	2	
CY	14	2	1	1	3	2	0.978	2	
CY	14	3	1	1	4	2	0.862	2	
CY	14	4	1	1	5	1	2.412	2	
CY	14	5	1	1	6	1	1.458	2	
CY	14	6	1	2	3	2	0.778	2	
CY	14	7	1	2	4	1	1.195	2	
CY	14	8	1	2	5	1	4.115	2	
CY	14	9	1	2	6	1	0.763	2	
CY	14	10	1	3	4	1	1.171	2	
CY	14	11	1	3	5	1	1.116	2	
CY	14	12	1	3	6	1	0.939	2	
CY	14	13	1	4	5	1	1.250	2	
CY	14	14	1	4	6	1	1.097	2	
CY	14	15	1	5	6	1	1.420	2	
CY	14	16	2	1	2	1	1.643	2	
CY	14	17	2	1	3	1	1.075	2	
CY	14	18	2	1	4	2	0.907	2	
CY	14	19	2	1	5	2	1.116	2	
CY	14	20	2	1	6	2	2.169	2	
CY	14	21	2	2	3	2	1.507	2	
CY	14	22	2	2	4	2	1.131	2	
CY	14	23	2	2	5	2	1.155	2	
CY	14	24	2	2	6	1	2.272	2	
CY	14	25	2	3	4	1	1.202	2	
CY	14	26	2	3	5	1	0.979	2	
CY	14	27	2	3	6	1	1.388	2	
CY	14	28	2	4	5	2	1.516	2	
CY	14	29	2	4	6	1	1.538	2	
CY	14	30	2	5	6	1	1.627	2	
CY	14	31	3	1	2	2	1.067	2	
CY	14	32	3	1	3	2	0.940	2	
CY	14	33	3	1	4	1	1.042	2	
CY	14	34	3	1	5	1	1.309	2	
CY	14	35	3	1	6	1	1.339	2	
CY	14	36	3	2	3	1	1.249	2	
CY	14	37	3	2	4	2	1.555	2	
CY	14	38	3	2	5	1	1.318	2	
CY	14	39	3	2	6	1	1.019	2	
CY	14	40	3	3	4	1	1.264	2	
CY	14	41	3	3	5	1	1.011	2	
CY	14	42	3	3	6	1	1.323	2	
CY	14	43	3	4	5	1	1.171	2	
CY	14	44	3	4	6	1	1.021	2	
CY	14	45	3	5	6	1	0.955	2	
CY	14	46	4	1	2	2	1.507	2	
CY	14	47	4	1	3	2	1.112	2	
CY	14	48	4	1	4	2	0.931	2	
CY	14	49	4	1	5	2	1.291	2	
CY	14	50	4	1	6	2	0.978	2	
CY	14	51	4	2	3	2	1.707	2	
CY	14	52	4	2	4	2	1.083	2	
CY	14	53	4	2	5	1	1.074	2	
CY	14	54	4	2	6	1	2.619	2	
CY	14	55	4	3	4	2	1.339	2	
CY	14	56	4	3	5	2	0.857	2	
CY	14	57	4	3	6	1	1.082	2	
CY	14	58	4	4	5	1	1.963	2	
CY	14	59	4	4	6	1	1.228	2	
CY	14	60	4	5	6	1	1.659	2	
CB	14	61	1	1	2	2	1.330	2	
CB	14	62	1	1	3	2	0.883	2	
CB	14	63	1	1	4	2	0.843	2	
CB	14	64	1	1	5	2	1.187	2	
CB	14	65	1	1	6	2	1.236	2	
CB	14	66	1	2	3	2	0.962	2	
CB	14	67	1	2	4	2	0.923	2	
CB	14	68	1	2	5	2	1.339	2	
CB	14	69	1	2	6	1	1.372	2	
CB	14	70	1	3	4	1	1.068	2	
CB	14	71	1	3	5	2	1.721	2	
CB	14	72	1	3	6	2	1.827	2	
CB	14	73	1	4	5	2	1.546	2	
CB	14	74	1	4	6	1	1.682	2	
CB	14	75	1	5	6	1	1.404	2	
CB	14	76	2	1	2	2	0.939	2	
CB	14	77	2	1	3	2	0.795	2	
CB	14	78	2	1	4	2	0.995	2	
CB	14	79	2	1	5	2	1.260	2	
CB	14	80	2	1	6	1	2.563	2	
CB	14	81	2	2	3	1	1.131	2	
CB	14	82	2	2	4	2	0.851	2	
CB	14	83	2	2	5	1	0.859	2	
CB	14	84	2	2	6	1	1.083	2	
CB	14	85	2	3	4	2	0.804	2	
CB	14	86	2	3	5	2	0.915	2	
CB	14	87	2	3	6	1	2.059	2	
CB	14	88	2	4	5	1	1.027	2	
CB	14	89	2	4	6	1	1.073	2	
CB	14	90	2	5	6	2	1.707	2	
CB	14	91	3	1	2	1	1.811	2	
CB	14	92	3	1	3	2	1.323	2	
CB	14	93	3	1	4	2	0.971	2	
CB	14	94	3	1	5	2	1.107	2	
CB	14	95	3	1	6	1	0.979	2	
CB	14	96	3	2	3	2	1.011	2	
CB	14	97	3	2	4	2	1.123	2	
CB	14	98	3	2	5	2	0.915	2	
CB	14	99	3	2	6	1	1.908	2	
CB	14	100	3	3	4	2	1.418	2	
CB	14	101	3	3	5	2	1.331	2	
CB	14	102	3	3	6	1	1.267	2	
CB	14	103	3	4	5	1	1.763	2	
CB	14	104	3	4	6	1	1.339	2	
CB	14	105	3	5	6	2	2.138	2	
CB	14	106	4	1	2	1	1.392	2	
CB	14	107	4	1	3	2	1.914	2	
CB	14	108	4	1	4	2	1.443	2	
CB	14	109	4	1	5	2	0.906	2	
CB	14	110	4	1	6	1	1.523	2	
CB	14	111	4	2	3	1	1.315	2	
CB	14	112	4	2	4	1	1.139	2	
CB	14	113	4	2	5	1	1.171	2	
CB	14	114	4	2	6	1	1.075	2	
CB	14	115	4	3	4	2	1.026	2	
CB	14	116	4	3	5	2	1.505	2	
CB	14	117	4	3	6	1	1.475	2	
CB	14	118	4	4	5	1	1.836	2	
CB	14	119	4	4	6	1	1.507	2	
CB	14	120	4	5	6	1	1.217	2	
CY	15	1	1	1	2	2	1.159	3	
CY	15	2	1	1	3	2	1.104	3	
CY	15	3	1	1	4	2	0.879	3	
CY	15	4	1	1	5	1	2.453	3	
CY	15	5	1	1	6	1	0.959	3	
CY	15	6	1	2	3	2	4.409	3	
CY	15	7	1	2	4	1	1.364	3	
CY	15	8	1	2	5	1	2.302	3	
CY	15	9	1	2	6	1	1.862	3	
CY	15	10	1	3	4	1	2.492	3	
CY	15	11	1	3	5	1	1.065	3	
CY	15	12	1	3	6	1	1.064	3	
CY	15	13	1	4	5	1	1.476	3	
CY	15	14	1	4	6	1	1.199	3	
CY	15	15	1	5	6	1	1.716	3	
CY	15	16	2	1	2	2	1.101	3	
CY	15	17	2	1	3	1	1.021	3	
CY	15	18	2	1	4	2	1.147	3	
CY	15	19	2	1	5	1	2.499	3	
CY	15	20	2	1	6	2	3.140	3	
CY	15	21	2	2	3	2	1.172	3	
CY	15	22	2	2	4	2	0.912	3	
CY	15	23	2	2	5	2	1.997	3	
CY	15	24	2	2	6	2	1.881	3	
CY	15	25	2	3	4	2	1.711	3	
CY	15	26	2	3	5	2	1.667	3	
CY	15	27	2	3	6	1	1.226	3	
CY	15	28	2	4	5	1	2.914	3	
CY	15	29	2	4	6	1	2.089	3	
CY	15	30	2	5	6	2	2.546	3	
CY	15	31	3	1	2	2	2.670	3	
CY	15	32	3	1	3	2	1.405	3	
CY	15	33	3	1	4	2	3.007	3	
CY	15	34	3	1	5	1	1.846	3	
CY	15	35	3	1	6	1	1.010	3	
CY	15	36	3	2	3	2	1.859	3	
CY	15	37	3	2	4	1	2.340	3	
CY	15	38	3	2	5	1	1.142	3	
CY	15	39	3	2	6	1	1.188	3	
CY	15	40	3	3	4	1	1.598	3	
CY	15	41	3	3	5	2	1.197	3	
CY	15	42	3	3	6	1	1.029	3	
CY	15	43	3	4	5	1	1.677	3	
CY	15	44	3	4	6	1	1.260	3	
CY	15	45	3	5	6	1	1.970	3	
CY	15	46	4	1	2	2	1.929	3	
CY	15	47	4	1	3	2	1.390	3	
CY	15	48	4	1	4	2	1.349	3	
CY	15	49	4	1	5	2	0.929	3	
CY	15	50	4	1	6	1	1.297	3	
CY	15	51	4	2	3	2	1.823	3	
CY	15	52	4	2	4	2	2.215	3	
CY	15	53	4	2	5	1	2.200	3	
CY	15	54	4	2	6	1	1.244	3	
CY	15	55	4	3	4	2	2.180	3	
CY	15	56	4	3	5	2	1.739	3	
CY	15	57	4	3	6	1	1.335	3	
CY	15	58	4	4	5	1	1.847	3	
CY	15	59	4	4	6	1	1.108	3	
CY	15	60	4	5	6	1	2.219	3	
CB	15	61	1	1	2	2	0.908	3	
CB	15	62	1	1	3	2	2.105	3	
CB	15	63	1	1	4	2	1.809	3	
CB	15	64	1	1	5	2	2.626	3	
CB	15	65	1	1	6	2	0.990	3	
CB	15	66	1	2	3	2	1.120	3	
CB	15	67	1	2	4	2	0.842	3	
CB	15	68	1	2	5	2	1.289	3	
CB	15	69	1	2	6	1	1.695	3	
CB	15	70	1	3	4	2	2.463	3	
CB	15	71	1	3	5	1	1.434	3	
CB	15	72	1	3	6	2	1.050	3	
CB	15	73	1	4	5	1	1.242	3	
CB	15	74	1	4	6	1	1.882	3	
CB	15	75	1	5	6	1	1.687	3	
CB	15	76	2	1	2	2	2.319	3	
CB	15	77	2	1	3	2	1.144	3	
CB	15	78	2	1	4	2	0.986	3	
CB	15	79	2	1	5	2	1.235	3	
CB	15	80	2	1	6	1	2.442	3	
CB	15	81	2	2	3	2	1.348	3	
CB	15	82	2	2	4	2	0.824	3	
CB	15	83	2	2	5	1	1.983	3	
CB	15	84	2	2	6	1	3.906	3	
CB	15	85	2	3	4	2	1.632	3	
CB	15	86	2	3	5	1	0.927	3	
CB	15	87	2	3	6	1	0.962	3	
CB	15	88	2	4	5	1	1.631	3	
CB	15	89	2	4	6	1	1.095	3	
CB	15	90	2	5	6	1	1.572	3	
CB	15	91	3	1	2	1	1.791	3	
CB	15	92	3	1	3	2	1.201	3	
CB	15	93	3	1	4	2	2.485	3	
CB	15	94	3	1	5	1	2.743	3	
CB	15	95	3	1	6	2	0.978	3	
CB	15	96	3	2	3	2	1.123	3	
CB	15	97	3	2	4	1	2.268	3	
CB	15	98	3	2	5	1	1.792	3	
CB	15	99	3	2	6	1	2.357	3	
CB	15	100	3	3	4	1	1.264	3	
CB	15	101	3	3	5	1	3.705	3	
CB	15	102	3	3	6	1	1.250	3	
CB	15	103	3	4	5	2	2.010	3	
CB	15	104	3	4	6	1	7.603	3	
CB	15	105	3	5	6	1	1.061	3	
CB	15	106	4	1	2	2	2.685	3	
CB	15	107	4	1	3	2	1.139	3	
CB	15	108	4	1	4	2	1.257	3	
CB	15	109	4	1	5	2	0.924	3	
CB	15	110	4	1	6	1	2.135	3	
CB	15	111	4	2	3	2	1.126	3	
CB	15	112	4	2	4	2	0.980	3	
CB	15	113	4	2	5	1	1.027	3	
CB	15	114	4	2	6	1	1.469	3	
CB	15	115	4	3	4	2	2.061	3	
CB	15	116	4	3	5	1	1.551	3	
CB	15	117	4	3	6	1	0.999	3	
CB	15	118	4	4	5	2	1.393	3	
CB	15	119	4	4	6	1	1.082	3	
CB	15	120	4	5	6	2	2.909	3	
CY	16	1	1	1	2	2	1.347	3	
CY	16	2	1	1	3	2	0.947	3	
CY	16	3	1	1	4	2	1.019	3	
CY	16	4	1	1	5	2	1.156	3	
CY	16	5	1	1	6	1	1.872	3	
CY	16	6	1	2	3	2	6.867	3	
CY	16	7	1	2	4	2	0.906	3	
CY	16	8	1	2	5	1	1.261	3	
CY	16	9	1	2	6	1	1.204	3	
CY	16	10	1	3	4	2	1.129	3	
CY	16	11	1	3	5	1	1.340	3	
CY	16	12	1	3	6	1	1.197	3	
CY	16	13	1	4	5	1	3.079	3	
CY	16	14	1	4	6	1	1.157	3	
CY	16	15	1	5	6	1	1.331	3	
CY	16	16	2	1	2	1	2.454	3	
CY	16	17	2	1	3	2	2.204	3	
CY	16	18	2	1	4	2	3.526	3	
CY	16	19	2	1	5	1	2.364	3	
CY	16	20	2	1	6	1	2.005	3	
CY	16	21	2	2	3	2	1.059	3	
CY	16	22	2	2	4	2	2.154	3	
CY	16	23	2	2	5	1	1.597	3	
CY	16	24	2	2	6	1	2.210	3	
CY	16	25	2	3	4	2	2.658	3	
CY	16	26	2	3	5	1	1.954	3	
CY	16	27	2	3	6	2	1.736	3	
CY	16	28	2	4	5	2	2.333	3	
CY	16	29	2	4	6	1	1.976	3	
CY	16	30	2	5	6	1	2.099	3	
CY	16	31	3	1	2	2	2.193	3	
CY	16	32	3	1	3	1	1.792	3	
CY	16	33	3	1	4	1	1.330	3	
CY	16	34	3	1	5	1	2.986	3	
CY	16	35	3	1	6	1	1.003	3	
CY	16	36	3	2	3	1	1.315	3	
CY	16	37	3	2	4	2	1.596	3	
CY	16	38	3	2	5	1	1.108	3	
CY	16	39	3	2	6	1	0.939	3	
CY	16	40	3	3	4	1	1.198	3	
CY	16	41	3	3	5	1	1.824	3	
CY	16	42	3	3	6	1	1.146	3	
CY	16	43	3	4	5	1	1.259	3	
CY	16	44	3	4	6	1	1.230	3	
CY	16	45	3	5	6	1	1.347	3	
CY	16	46	4	1	2	2	1.858	3	
CY	16	47	4	1	3	2	0.985	3	
CY	16	48	4	1	4	2	2.349	3	
CY	16	49	4	1	5	2	1.150	3	
CY	16	50	4	1	6	2	0.955	3	
CY	16	51	4	2	3	2	2.407	3	
CY	16	52	4	2	4	2	1.970	3	
CY	16	53	4	2	5	1	2.834	3	
CY	16	54	4	2	6	1	1.394	3	
CY	16	55	4	3	4	2	1.690	3	
CY	16	56	4	3	5	1	3.060	3	
CY	16	57	4	3	6	1	1.000	3	
CY	16	58	4	4	5	1	1.415	3	
CY	16	59	4	4	6	1	1.010	3	
CY	16	60	4	5	6	1	1.420	3	
CB	16	61	1	1	2	2	1.175	3	
CB	16	62	1	1	3	2	1.349	3	
CB	16	63	1	1	4	2	1.669	3	
CB	16	64	1	1	5	2	0.960	3	
CB	16	65	1	1	6	1	5.149	3	
CB	16	66	1	2	3	2	1.703	3	
CB	16	67	1	2	4	2	0.903	3	
CB	16	68	1	2	5	2	0.860	3	
CB	16	69	1	2	6	2	2.162	3	
CB	16	70	1	3	4	1	1.167	3	
CB	16	71	1	3	5	1	1.682	3	
CB	16	72	1	3	6	2	1.066	3	
CB	16	73	1	4	5	2	3.569	3	
CB	16	74	1	4	6	1	1.733	3	
CB	16	75	1	5	6	1	1.646	3	
CB	16	76	2	1	2	2	1.395	3	
CB	16	77	2	1	3	2	1.186	3	
CB	16	78	2	1	4	2	0.980	3	
CB	16	79	2	1	5	2	1.148	3	
CB	16	80	2	1	6	1	1.516	3	
CB	16	81	2	2	3	2	1.568	3	
CB	16	82	2	2	4	1	1.803	3	
CB	16	83	2	2	5	1	1.010	3	
CB	16	84	2	2	6	1	1.117	3	
CB	16	85	2	3	4	1	1.629	3	
CB	16	86	2	3	5	2	1.236	3	
CB	16	87	2	3	6	1	1.779	3	
CB	16	88	2	4	5	1	2.239	3	
CB	16	89	2	4	6	1	1.177	3	
CB	16	90	2	5	6	1	1.934	3	
CB	16	91	3	1	2	1	0.795	3	
CB	16	92	3	1	3	2	1.866	3	
CB	16	93	3	1	4	2	2.537	3	
CB	16	94	3	1	5	2	2.268	3	
CB	16	95	3	1	6	1	4.185	3	
CB	16	96	3	2	3	2	1.017	3	
CB	16	97	3	2	4	1	4.917	3	
CB	16	98	3	2	5	2	1.144	3	
CB	16	99	3	2	6	1	1.234	3	
CB	16	100	3	3	4	1	0.820	3	
CB	16	101	3	3	5	1	1.121	3	
CB	16	102	3	3	6	1	1.323	3	
CB	16	103	3	4	5	1	1.828	3	
CB	16	104	3	4	6	1	1.844	3	
CB	16	105	3	5	6	1	2.050	3	
CB	16	106	4	1	2	2	2.658	3	
CB	16	107	4	1	3	2	1.371	3	
CB	16	108	4	1	4	2	1.269	3	
CB	16	109	4	1	5	1	0.965	3	
CB	16	110	4	1	6	1	2.795	3	
CB	16	111	4	2	3	1	1.905	3	
CB	16	112	4	2	4	1	1.121	3	
CB	16	113	4	2	5	1	1.363	3	
CB	16	114	4	2	6	1	1.399	3	
CB	16	115	4	3	4	2	3.124	3	
CB	16	116	4	3	5	2	1.136	3	
CB	16	117	4	3	6	1	1.199	3	
CB	16	118	4	4	5	1	1.888	3	
CB	16	119	4	4	6	1	0.925	3	
CB	16	120	4	5	6	1	1.208	3	
CY	17	1	1	1	2	2	1.298	3	
CY	17	2	1	1	3	2	1.467	3	
CY	17	3	1	1	4	2	1.050	3	
CY	17	4	1	1	5	1	2.563	3	
CY	17	5	1	1	6	1	2.100	3	
CY	17	6	1	2	3	2	1.198	3	
CY	17	7	1	2	4	2	1.463	3	
CY	17	8	1	2	5	1	1.181	3	
CY	17	9	1	2	6	1	1.132	3	
CY	17	10	1	3	4	1	2.321	3	
CY	17	11	1	3	5	1	1.781	3	
CY	17	12	1	3	6	1	1.636	3	
CY	17	13	1	4	5	1	1.358	3	
CY	17	14	1	4	6	1	1.275	3	
CY	17	15	1	5	6	1	1.496	3	
CY	17	16	2	1	2	2	2.945	3	
CY	17	17	2	1	3	2	1.044	3	
CY	17	18	2	1	4	2	1.296	3	
CY	17	19	2	1	5	1	1.494	3	
CY	17	20	2	1	6	2	4.051	3	
CY	17	21	2	2	3	2	1.030	3	
CY	17	22	2	2	4	2	1.295	3	
CY	17	23	2	2	5	2	1.398	3	
CY	17	24	2	2	6	2	1.196	3	
CY	17	25	2	3	4	2	1.104	3	
CY	17	26	2	3	5	2	1.148	3	
CY	17	27	2	3	6	2	1.891	3	
CY	17	28	2	4	5	2	1.614	3	
CY	17	29	2	4	6	1	1.459	3	
CY	17	30	2	5	6	2	3.173	3	
CY	17	31	3	1	2	2	1.848	3	
CY	17	32	3	1	3	2	1.211	3	
CY	17	33	3	1	4	2	1.214	3	
CY	17	34	3	1	5	1	1.504	3	
CY	17	35	3	1	6	1	1.661	3	
CY	17	36	3	2	3	2	1.577	3	
CY	17	37	3	2	4	1	1.411	3	
CY	17	38	3	2	5	1	1.349	3	
CY	17	39	3	2	6	1	1.014	3	
CY	17	40	3	3	4	1	1.195	3	
CY	17	41	3	3	5	1	2.297	3	
CY	17	42	3	3	6	1	0.860	3	
CY	17	43	3	4	5	2	1.278	3	
CY	17	44	3	4	6	1	1.347	3	
CY	17	45	3	5	6	1	1.492	3	
CY	17	46	4	1	2	2	1.639	3	
CY	17	47	4	1	3	2	1.165	3	
CY	17	48	4	1	4	2	1.130	3	
CY	17	49	4	1	5	2	1.300	3	
CY	17	50	4	1	6	2	1.539	3	
CY	17	51	4	2	3	2	1.173	3	
CY	17	52	4	2	4	2	2.643	3	
CY	17	53	4	2	5	1	1.661	3	
CY	17	54	4	2	6	2	3.123	3	
CY	17	55	4	3	4	2	1.945	3	
CY	17	56	4	3	5	1	1.352	3	
CY	17	57	4	3	6	1	1.029	3	
CY	17	58	4	4	5	1	1.538	3	
CY	17	59	4	4	6	1	1.052	3	
CY	17	60	4	5	6	1	1.662	3	
CB	17	61	1	1	2	2	1.182	3	
CB	17	62	1	1	3	2	1.035	3	
CB	17	63	1	1	4	2	1.260	3	
CB	17	64	1	1	5	2	0.931	3	
CB	17	65	1	1	6	2	0.826	3	
CB	17	66	1	2	3	2	1.851	3	
CB	17	67	1	2	4	2	0.981	3	
CB	17	68	1	2	5	2	0.855	3	
CB	17	69	1	2	6	1	1.046	3	
CB	17	70	1	3	4	2	1.061	3	
CB	17	71	1	3	5	1	1.657	3	
CB	17	72	1	3	6	1	1.846	3	
CB	17	73	1	4	5	1	0.956	3	
CB	17	74	1	4	6	1	1.045	3	
CB	17	75	1	5	6	1	1.512	3	
CB	17	76	2	1	2	1	1.515	3	
CB	17	77	2	1	3	2	1.133	3	
CB	17	78	2	1	4	2	0.841	3	
CB	17	79	2	1	5	2	1.465	3	
CB	17	80	2	1	6	1	1.001	3	
CB	17	81	2	2	3	2	1.567	3	
CB	17	82	2	2	4	1	1.659	3	
CB	17	83	2	2	5	1	0.993	3	
CB	17	84	2	2	6	1	1.906	3	
CB	17	85	2	3	4	2	1.084	3	
CB	17	86	2	3	5	1	1.132	3	
CB	17	87	2	3	6	1	1.172	3	
CB	17	88	2	4	5	1	1.596	3	
CB	17	89	2	4	6	1	1.132	3	
CB	17	90	2	5	6	1	1.909	3	
CB	17	91	3	1	2	2	1.411	3	
CB	17	92	3	1	3	2	2.642	3	
CB	17	93	3	1	4	2	0.987	3	
CB	17	94	3	1	5	2	0.776	3	
CB	17	95	3	1	6	2	0.960	3	
CB	17	96	3	2	3	2	2.463	3	
CB	17	97	3	2	4	2	1.130	3	
CB	17	98	3	2	5	1	2.631	3	
CB	17	99	3	2	6	1	0.863	3	
CB	17	100	3	3	4	2	1.043	3	
CB	17	101	3	3	5	1	1.419	3	
CB	17	102	3	3	6	1	1.315	3	
CB	17	103	3	4	5	1	1.727	3	
CB	17	104	3	4	6	1	1.750	3	
CB	17	105	3	5	6	2	2.115	3	
CB	17	106	4	1	2	2	2.382	3	
CB	17	107	4	1	3	1	1.813	3	
CB	17	108	4	1	4	2	1.030	3	
CB	17	109	4	1	5	1	1.245	3	
CB	17	110	4	1	6	1	2.648	3	
CB	17	111	4	2	3	2	1.663	3	
CB	17	112	4	2	4	2	2.124	3	
CB	17	113	4	2	5	1	1.244	3	
CB	17	114	4	2	6	1	1.929	3	
CB	17	115	4	3	4	2	0.851	3	
CB	17	116	4	3	5	2	0.794	3	
CB	17	117	4	3	6	1	1.029	3	
CB	17	118	4	4	5	2	0.730	3	
CB	17	119	4	4	6	1	0.988	3	
CB	17	120	4	5	6	2	2.402	3	
CY	18	1	1	1	2	2	1.241	3	
CY	18	2	1	1	3	2	1.492	3	
CY	18	3	1	1	4	2	1.025	3	
CY	18	4	1	1	5	1	2.382	3	
CY	18	5	1	1	6	1	1.158	3	
CY	18	6	1	2	3	2	0.852	3	
CY	18	7	1	2	4	2	1.525	3	
CY	18	8	1	2	5	1	1.187	3	
CY	18	9	1	2	6	1	1.682	3	
CY	18	10	1	3	4	1	1.447	3	
CY	18	11	1	3	5	1	1.787	3	
CY	18	12	1	3	6	1	1.391	3	
CY	18	13	1	4	5	2	2.523	3	
CY	18	14	1	4	6	1	1.024	3	
CY	18	15	1	5	6	1	3.374	3	
CY	18	16	2	1	2	2	1.207	3	
CY	18	17	2	1	3	2	1.448	3	
CY	18	18	2	1	4	2	1.964	3	
CY	18	19	2	1	5	2	1.534	3	
CY	18	20	2	1	6	2	2.626	3	
CY	18	21	2	2	3	2	1.351	3	
CY	18	22	2	2	4	2	1.958	3	
CY	18	23	2	2	5	2	1.123	3	
CY	18	24	2	2	6	1	1.912	3	
CY	18	25	2	3	4	2	1.567	3	
CY	18	26	2	3	5	2	1.456	3	
CY	18	27	2	3	6	1	2.116	3	
CY	18	28	2	4	5	2	1.703	3	
CY	18	29	2	4	6	1	1.376	3	
CY	18	30	2	5	6	2	2.940	3	
CY	18	31	3	1	2	2	2.193	3	
CY	18	32	3	1	3	2	1.388	3	
CY	18	33	3	1	4	1	1.327	3	
CY	18	34	3	1	5	1	0.886	3	
CY	18	35	3	1	6	1	1.391	3	
CY	18	36	3	2	3	2	1.121	3	
CY	18	37	3	2	4	1	0.823	3	
CY	18	38	3	2	5	1	1.274	3	
CY	18	39	3	2	6	1	1.021	3	
CY	18	40	3	3	4	2	1.692	3	
CY	18	41	3	3	5	1	1.326	3	
CY	18	42	3	3	6	1	1.748	3	
CY	18	43	3	4	5	1	1.381	3	
CY	18	44	3	4	6	1	1.225	3	
CY	18	45	3	5	6	1	1.347	3	
CY	18	46	4	1	2	2	1.475	3	
CY	18	47	4	1	3	2	1.224	3	
CY	18	48	4	1	4	2	1.271	3	
CY	18	49	4	1	5	2	0.969	3	
CY	18	50	4	1	6	2	1.338	3	
CY	18	51	4	2	3	2	1.749	3	
CY	18	52	4	2	4	2	1.584	3	
CY	18	53	4	2	5	1	1.155	3	
CY	18	54	4	2	6	1	2.503	3	
CY	18	55	4	3	4	2	1.550	3	
CY	18	56	4	3	5	1	3.262	3	
CY	18	57	4	3	6	1	1.816	3	
CY	18	58	4	4	5	1	1.176	3	
CY	18	59	4	4	6	1	1.294	3	
CY	18	60	4	5	6	1	2.126	3	
CB	18	61	1	1	2	2	1.021	3	
CB	18	62	1	1	3	2	0.957	3	
CB	18	63	1	1	4	2	1.591	3	
CB	18	64	1	1	5	2	1.364	3	
CB	18	65	1	1	6	2	0.976	3	
CB	18	66	1	2	3	2	0.978	3	
CB	18	67	1	2	4	2	0.992	3	
CB	18	68	1	2	5	1	0.866	3	
CB	18	69	1	2	6	1	0.824	3	
CB	18	70	1	3	4	2	1.823	3	
CB	18	71	1	3	5	1	1.226	3	
CB	18	72	1	3	6	1	3.871	3	
CB	18	73	1	4	5	2	2.175	3	
CB	18	74	1	4	6	1	2.023	3	
CB	18	75	1	5	6	1	1.073	3	
CB	18	76	2	1	2	2	1.458	3	
CB	18	77	2	1	3	2	0.731	3	
CB	18	78	2	1	4	2	1.673	3	
CB	18	79	2	1	5	2	1.166	3	
CB	18	80	2	1	6	1	1.079	3	
CB	18	81	2	2	3	2	1.622	3	
CB	18	82	2	2	4	1	1.192	3	
CB	18	83	2	2	5	1	1.344	3	
CB	18	84	2	2	6	1	1.783	3	
CB	18	85	2	3	4	2	1.587	3	
CB	18	86	2	3	5	1	1.238	3	
CB	18	87	2	3	6	1	1.024	3	
CB	18	88	2	4	5	1	0.894	3	
CB	18	89	2	4	6	1	1.607	3	
CB	18	90	2	5	6	1	2.137	3	
CB	18	91	3	1	2	1	1.724	3	
CB	18	92	3	1	3	2	1.406	3	
CB	18	93	3	1	4	2	0.960	3	
CB	18	94	3	1	5	2	1.915	3	
CB	18	95	3	1	6	2	1.102	3	
CB	18	96	3	2	3	2	1.006	3	
CB	18	97	3	2	4	1	1.846	3	
CB	18	98	3	2	5	2	1.273	3	
CB	18	99	3	2	6	1	1.726	3	
CB	18	100	3	3	4	2	1.045	3	
CB	18	101	3	3	5	1	1.817	3	
CB	18	102	3	3	6	1	2.134	3	
CB	18	103	3	4	5	1	1.282	3	
CB	18	104	3	4	6	1	1.909	3	
CB	18	105	3	5	6	2	1.307	3	
CB	18	106	4	1	2	2	1.463	3	
CB	18	107	4	1	3	2	1.454	3	
CB	18	108	4	1	4	2	1.158	3	
CB	18	109	4	1	5	2	1.280	3	
CB	18	110	4	1	6	1	2.204	3	
CB	18	111	4	2	3	2	1.240	3	
CB	18	112	4	2	4	2	0.952	3	
CB	18	113	4	2	5	1	1.118	3	
CB	18	114	4	2	6	1	1.982	3	
CB	18	115	4	3	4	2	2.421	3	
CB	18	116	4	3	5	2	1.398	3	
CB	18	117	4	3	6	1	1.035	3	
CB	18	118	4	4	5	1	1.340	3	
CB	18	119	4	4	6	1	1.140	3	
CB	18	120	4	5	6	1	0.951	3	
CY	19	1	1	1	2	2	1.136	3	
CY	19	2	1	1	3	2	1.102	3	
CY	19	3	1	1	4	2	1.543	3	
CY	19	4	1	1	5	1	2.342	3	
CY	19	5	1	1	6	1	1.113	3	
CY	19	6	1	2	3	2	1.275	3	
CY	19	7	1	2	4	2	1.044	3	
CY	19	8	1	2	5	1	2.033	3	
CY	19	9	1	2	6	1	1.226	3	
CY	19	10	1	3	4	1	0.856	3	
CY	19	11	1	3	5	1	0.796	3	
CY	19	12	1	3	6	1	0.774	3	
CY	19	13	1	4	5	1	1.416	3	
CY	19	14	1	4	6	1	0.993	3	
CY	19	15	1	5	6	1	1.458	3	
CY	19	16	2	1	2	2	2.113	3	
CY	19	17	2	1	3	2	1.509	3	
CY	19	18	2	1	4	2	1.290	3	
CY	19	19	2	1	5	2	2.407	3	
CY	19	20	2	1	6	1	2.877	3	
CY	19	21	2	2	3	2	1.950	3	
CY	19	22	2	2	4	2	1.940	3	
CY	19	23	2	2	5	2	1.745	3	
CY	19	24	2	2	6	1	0.885	3	
CY	19	25	2	3	4	2	1.056	3	
CY	19	26	2	3	5	1	1.866	3	
CY	19	27	2	3	6	1	0.981	3	
CY	19	28	2	4	5	1	2.529	3	
CY	19	29	2	4	6	1	1.385	3	
CY	19	30	2	5	6	1	1.755	3	
CY	19	31	3	1	2	2	1.271	3	
CY	19	32	3	1	3	1	1.920	3	
CY	19	33	3	1	4	1	1.423	3	
CY	19	34	3	1	5	1	1.351	3	
CY	19	35	3	1	6	1	1.258	3	
CY	19	36	3	2	3	2	1.528	3	
CY	19	37	3	2	4	1	1.823	3	
CY	19	38	3	2	5	1	2.056	3	
CY	19	39	3	2	6	1	0.936	3	
CY	19	40	3	3	4	1	1.380	3	
CY	19	41	3	3	5	2	0.773	3	
CY	19	42	3	3	6	1	0.959	3	
CY	19	43	3	4	5	2	0.935	3	
CY	19	44	3	4	6	1	1.241	3	
CY	19	45	3	5	6	1	2.104	3	
CY	19	46	4	1	2	2	1.424	3	
CY	19	47	4	1	3	2	1.102	3	
CY	19	48	4	1	4	2	1.011	3	
CY	19	49	4	1	5	2	1.635	3	
CY	19	50	4	1	6	2	1.077	3	
CY	19	51	4	2	3	1	1.272	3	
CY	19	52	4	2	4	2	1.226	3	
CY	19	53	4	2	5	1	1.176	3	
CY	19	54	4	2	6	1	1.024	3	
CY	19	55	4	3	4	2	1.408	3	
CY	19	56	4	3	5	1	4.251	3	
CY	19	57	4	3	6	1	1.128	3	
CY	19	58	4	4	5	1	2.024	3	
CY	19	59	4	4	6	1	0.873	3	
CY	19	60	4	5	6	1	1.293	3	
CB	19	61	1	1	2	2	1.392	3	
CB	19	62	1	1	3	2	1.080	3	
CB	19	63	1	1	4	2	1.085	3	
CB	19	64	1	1	5	2	0.876	3	
CB	19	65	1	1	6	2	0.894	3	
CB	19	66	1	2	3	2	0.891	3	
CB	19	67	1	2	4	2	1.329	3	
CB	19	68	1	2	5	1	0.807	3	
CB	19	69	1	2	6	1	1.490	3	
CB	19	70	1	3	4	2	1.576	3	
CB	19	71	1	3	5	1	1.628	3	
CB	19	72	1	3	6	1	1.764	3	
CB	19	73	1	4	5	1	1.454	3	
CB	19	74	1	4	6	1	1.490	3	
CB	19	75	1	5	6	1	1.797	3	
CB	19	76	2	1	2	2	1.199	3	
CB	19	77	2	1	3	2	0.945	3	
CB	19	78	2	1	4	2	0.790	3	
CB	19	79	2	1	5	2	3.650	3	
CB	19	80	2	1	6	1	1.275	3	
CB	19	81	2	2	3	2	1.806	3	
CB	19	82	2	2	4	2	2.237	3	
CB	19	83	2	2	5	1	0.894	3	
CB	19	84	2	2	6	1	1.423	3	
CB	19	85	2	3	4	1	2.239	3	
CB	19	86	2	3	5	1	2.767	3	
CB	19	87	2	3	6	1	1.186	3	
CB	19	88	2	4	5	1	0.928	3	
CB	19	89	2	4	6	1	1.327	3	
CB	19	90	2	5	6	1	1.362	3	
CB	19	91	3	1	2	2	1.740	3	
CB	19	92	3	1	3	2	1.899	3	
CB	19	93	3	1	4	2	1.986	3	
CB	19	94	3	1	5	1	3.121	3	
CB	19	95	3	1	6	1	1.002	3	
CB	19	96	3	2	3	2	1.342	3	
CB	19	97	3	2	4	1	1.426	3	
CB	19	98	3	2	5	1	1.292	3	
CB	19	99	3	2	6	1	1.087	3	
CB	19	100	3	3	4	1	2.564	3	
CB	19	101	3	3	5	1	1.295	3	
CB	19	102	3	3	6	1	1.360	3	
CB	19	103	3	4	5	2	1.341	3	
CB	19	104	3	4	6	1	1.695	3	
CB	19	105	3	5	6	1	1.541	3	
CB	19	106	4	1	2	2	1.288	3	
CB	19	107	4	1	3	2	1.425	3	
CB	19	108	4	1	4	2	2.241	3	
CB	19	109	4	1	5	2	2.124	3	
CB	19	110	4	1	6	1	1.217	3	
CB	19	111	4	2	3	2	1.006	3	
CB	19	112	4	2	4	2	0.825	3	
CB	19	113	4	2	5	1	1.324	3	
CB	19	114	4	2	6	1	1.127	3	
CB	19	115	4	3	4	1	1.525	3	
CB	19	116	4	3	5	1	1.760	3	
CB	19	117	4	3	6	1	1.310	3	
CB	19	118	4	4	5	1	1.173	3	
CB	19	119	4	4	6	1	1.416	3	
CB	19	120	4	5	6	1	1.969	3	
CY	20	1	1	1	2	2	1.243	3	
CY	20	2	1	1	3	2	1.084	3	
CY	20	3	1	1	4	2	1.509	3	
CY	20	4	1	1	5	1	5.178	3	
CY	20	5	1	1	6	1	1.022	3	
CY	20	6	1	2	3	1	2.563	3	
CY	20	7	1	2	4	2	1.428	3	
CY	20	8	1	2	5	1	1.307	3	
CY	20	9	1	2	6	1	1.207	3	
CY	20	10	1	3	4	1	1.027	3	
CY	20	11	1	3	5	2	2.460	3	
CY	20	12	1	3	6	1	1.098	3	
CY	20	13	1	4	5	1	1.453	3	
CY	20	14	1	4	6	1	1.318	3	
CY	20	15	1	5	6	1	1.019	3	
CY	20	16	2	1	2	2	1.438	3	
CY	20	17	2	1	3	2	1.380	3	
CY	20	18	2	1	4	2	1.623	3	
CY	20	19	2	1	5	1	1.870	3	
CY	20	20	2	1	6	1	2.882	3	
CY	20	21	2	2	3	2	0.776	3	
CY	20	22	2	2	4	2	1.302	3	
CY	20	23	2	2	5	2	1.649	3	
CY	20	24	2	2	6	1	0.906	3	
CY	20	25	2	3	4	2	2.714	3	
CY	20	26	2	3	5	1	1.211	3	
CY	20	27	2	3	6	1	1.628	3	
CY	20	28	2	4	5	1	2.016	3	
CY	20	29	2	4	6	1	1.480	3	
CY	20	30	2	5	6	1	1.675	3	
CY	20	31	3	1	2	2	3.069	3	
CY	20	32	3	1	3	2	1.057	3	
CY	20	33	3	1	4	1	1.204	3	
CY	20	34	3	1	5	1	1.072	3	
CY	20	35	3	1	6	1	1.012	3	
CY	20	36	3	2	3	2	1.627	3	
CY	20	37	3	2	4	1	1.003	3	
CY	20	38	3	2	5	1	1.214	3	
CY	20	39	3	2	6	1	1.349	3	
CY	20	40	3	3	4	1	1.096	3	
CY	20	41	3	3	5	1	2.219	3	
CY	20	42	3	3	6	1	1.766	3	
CY	20	43	3	4	5	1	1.315	3	
CY	20	44	3	4	6	1	1.302	3	
CY	20	45	3	5	6	1	1.724	3	
CY	20	46	4	1	2	1	4.716	3	
CY	20	47	4	1	3	2	1.419	3	
CY	20	48	4	1	4	2	1.286	3	
CY	20	49	4	1	5	2	1.353	3	
CY	20	50	4	1	6	2	1.307	3	
CY	20	51	4	2	3	1	1.292	3	
CY	20	52	4	2	4	2	1.270	3	
CY	20	53	4	2	5	2	2.205	3	
CY	20	54	4	2	6	1	1.902	3	
CY	20	55	4	3	4	1	1.493	3	
CY	20	56	4	3	5	2	1.452	3	
CY	20	57	4	3	6	1	1.165	3	
CY	20	58	4	4	5	1	1.179	3	
CY	20	59	4	4	6	1	1.249	3	
CY	20	60	4	5	6	1	2.085	3	
CB	20	61	1	1	2	2	1.362	3	
CB	20	62	1	1	3	2	2.252	3	
CB	20	63	1	1	4	2	1.118	3	
CB	20	64	1	1	5	2	1.674	3	
CB	20	65	1	1	6	2	1.874	3	
CB	20	66	1	2	3	2	1.613	3	
CB	20	67	1	2	4	2	1.004	3	
CB	20	68	1	2	5	2	1.506	3	
CB	20	69	1	2	6	1	1.111	3	
CB	20	70	1	3	4	2	1.227	3	
CB	20	71	1	3	5	2	0.957	3	
CB	20	72	1	3	6	1	1.154	3	
CB	20	73	1	4	5	1	1.338	3	
CB	20	74	1	4	6	1	1.338	3	
CB	20	75	1	5	6	1	2.112	3	
CB	20	76	2	1	2	1	1.496	3	
CB	20	77	2	1	3	2	1.258	3	
CB	20	78	2	1	4	2	1.189	3	
CB	20	79	2	1	5	2	1.832	3	
CB	20	80	2	1	6	1	3.134	3	
CB	20	81	2	2	3	1	0.928	3	
CB	20	82	2	2	4	1	1.875	3	
CB	20	83	2	2	5	1	1.828	3	
CB	20	84	2	2	6	1	1.478	3	
CB	20	85	2	3	4	2	1.520	3	
CB	20	86	2	3	5	1	1.235	3	
CB	20	87	2	3	6	1	1.012	3	
CB	20	88	2	4	5	1	1.051	3	
CB	20	89	2	4	6	1	1.543	3	
CB	20	90	2	5	6	1	1.947	3	
CB	20	91	3	1	2	1	1.200	3	
CB	20	92	3	1	3	2	1.454	3	
CB	20	93	3	1	4	2	1.276	3	
CB	20	94	3	1	5	2	2.243	3	
CB	20	95	3	1	6	2	1.003	3	
CB	20	96	3	2	3	2	1.467	3	
CB	20	97	3	2	4	1	0.980	3	
CB	20	98	3	2	5	2	2.284	3	
CB	20	99	3	2	6	2	1.733	3	
CB	20	100	3	3	4	1	0.897	3	
CB	20	101	3	3	5	1	0.986	3	
CB	20	102	3	3	6	1	0.938	3	
CB	20	103	3	4	5	1	2.497	3	
CB	20	104	3	4	6	1	1.770	3	
CB	20	105	3	5	6	2	2.104	3	
CB	20	106	4	1	2	2	1.627	3	
CB	20	107	4	1	3	2	1.403	3	
CB	20	108	4	1	4	2	1.178	3	
CB	20	109	4	1	5	1	4.874	3	
CB	20	110	4	1	6	1	2.017	3	
CB	20	111	4	2	3	2	1.587	3	
CB	20	112	4	2	4	1	1.179	3	
CB	20	113	4	2	5	1	2.324	3	
CB	20	114	4	2	6	1	1.379	3	
CB	20	115	4	3	4	2	1.646	3	
CB	20	116	4	3	5	2	3.616	3	
CB	20	117	4	3	6	1	1.281	3	
CB	20	118	4	4	5	1	1.749	3	
CB	20	119	4	4	6	1	1.519	3	
CB	20	120	4	5	6	1	0.919	3	
CY	21	1	1	1	2	2	1.192	3	
CY	21	2	1	1	3	2	0.884	3	
CY	21	3	1	1	4	1	1.878	3	
CY	21	4	1	1	5	1	1.825	3	
CY	21	5	1	1	6	1	1.981	3	
CY	21	6	1	2	3	1	1.840	3	
CY	21	7	1	2	4	1	1.376	3	
CY	21	8	1	2	5	1	1.178	3	
CY	21	9	1	2	6	1	0.840	3	
CY	21	10	1	3	4	1	0.830	3	
CY	21	11	1	3	5	1	4.897	3	
CY	21	12	1	3	6	1	0.944	3	
CY	21	13	1	4	5	1	1.562	3	
CY	21	14	1	4	6	1	1.013	3	
CY	21	15	1	5	6	1	1.525	3	
CY	21	16	2	1	2	2	0.875	3	
CY	21	17	2	1	3	2	1.943	3	
CY	21	18	2	1	4	2	1.128	3	
CY	21	19	2	1	5	1	0.860	3	
CY	21	20	2	1	6	1	2.043	3	
CY	21	21	2	2	3	2	1.030	3	
CY	21	22	2	2	4	2	1.129	3	
CY	21	23	2	2	5	1	0.777	3	
CY	21	24	2	2	6	1	2.342	3	
CY	21	25	2	3	4	1	1.662	3	
CY	21	26	2	3	5	1	1.638	3	
CY	21	27	2	3	6	1	2.229	3	
CY	21	28	2	4	5	1	1.045	3	
CY	21	29	2	4	6	1	0.911	3	
CY	21	30	2	5	6	2	1.675	3	
CY	21	31	3	1	2	2	1.770	3	
CY	21	32	3	1	3	2	1.397	3	
CY	21	33	3	1	4	1	1.152	3	
CY	21	34	3	1	5	1	1.891	3	
CY	21	35	3	1	6	1	2.135	3	
CY	21	36	3	2	3	2	1.243	3	
CY	21	37	3	2	4	1	0.917	3	
CY	21	38	3	2	5	1	1.489	3	
CY	21	39	3	2	6	1	0.924	3	
CY	21	40	3	3	4	2	1.592	3	
CY	21	41	3	3	5	1	1.659	3	
CY	21	42	3	3	6	1	0.690	3	
CY	21	43	3	4	5	1	1.225	3	
CY	21	44	3	4	6	1	1.595	3	
CY	21	45	3	5	6	1	1.467	3	
CY	21	46	4	1	2	2	1.369	3	
CY	21	47	4	1	3	2	0.981	3	
CY	21	48	4	1	4	1	0.954	3	
CY	21	49	4	1	5	2	1.014	3	
CY	21	50	4	1	6	2	1.109	3	
CY	21	51	4	2	3	2	1.008	3	
CY	21	52	4	2	4	2	1.209	3	
CY	21	53	4	2	5	1	1.691	3	
CY	21	54	4	2	6	1	0.992	3	
CY	21	55	4	3	4	1	1.631	3	
CY	21	56	4	3	5	1	1.103	3	
CY	21	57	4	3	6	1	1.062	3	
CY	21	58	4	4	5	1	1.673	3	
CY	21	59	4	4	6	1	0.815	3	
CY	21	60	4	5	6	1	1.656	3	
CB	21	61	1	1	2	2	0.859	3	
CB	21	62	1	1	3	2	1.232	3	
CB	21	63	1	1	4	2	1.380	3	
CB	21	64	1	1	5	1	0.972	3	
CB	21	65	1	1	6	2	0.923	3	
CB	21	66	1	2	3	2	2.046	3	
CB	21	67	1	2	4	1	1.524	3	
CB	21	68	1	2	5	2	0.984	3	
CB	21	69	1	2	6	2	0.942	3	
CB	21	70	1	3	4	2	1.539	3	
CB	21	71	1	3	5	2	1.108	3	
CB	21	72	1	3	6	1	1.378	3	
CB	21	73	1	4	5	1	1.409	3	
CB	21	74	1	4	6	1	1.460	3	
CB	21	75	1	5	6	2	1.456	3	
CB	21	76	2	1	2	2	1.378	3	
CB	21	77	2	1	3	2	1.399	3	
CB	21	78	2	1	4	2	3.127	3	
CB	21	79	2	1	5	1	1.990	3	
CB	21	80	2	1	6	1	1.408	3	
CB	21	81	2	2	3	2	1.630	3	
CB	21	82	2	2	4	1	1.392	3	
CB	21	83	2	2	5	2	1.242	3	
CB	21	84	2	2	6	1	2.031	3	
CB	21	85	2	3	4	2	0.879	3	
CB	21	86	2	3	5	1	1.632	3	
CB	21	87	2	3	6	1	1.000	3	
CB	21	88	2	4	5	1	1.400	3	
CB	21	89	2	4	6	1	1.451	3	
CB	21	90	2	5	6	2	1.225	3	
CB	21	91	3	1	2	2	1.107	3	
CB	21	92	3	1	3	1	1.146	3	
CB	21	93	3	1	4	2	0.824	3	
CB	21	94	3	1	5	1	3.808	3	
CB	21	95	3	1	6	1	1.200	3	
CB	21	96	3	2	3	2	1.436	3	
CB	21	97	3	2	4	1	1.707	3	
CB	21	98	3	2	5	2	1.073	3	
CB	21	99	3	2	6	1	0.826	3	
CB	21	100	3	3	4	1	1.093	3	
CB	21	101	3	3	5	1	1.195	3	
CB	21	102	3	3	6	1	1.290	3	
CB	21	103	3	4	5	1	1.255	3	
CB	21	104	3	4	6	1	1.254	3	
CB	21	105	3	5	6	2	1.344	3	
CB	21	106	4	1	2	1	1.667	3	
CB	21	107	4	1	3	2	1.593	3	
CB	21	108	4	1	4	2	0.860	3	
CB	21	109	4	1	5	2	1.488	3	
CB	21	110	4	1	6	1	1.167	3	
CB	21	111	4	2	3	2	1.239	3	
CB	21	112	4	2	4	2	1.079	3	
CB	21	113	4	2	5	1	1.119	3	
CB	21	114	4	2	6	1	1.358	3	
CB	21	115	4	3	4	2	0.877	3	
CB	21	116	4	3	5	1	1.158	3	
CB	21	117	4	3	6	1	1.136	3	
CB	21	118	4	4	5	1	1.199	3	
CB	21	119	4	4	6	1	1.053	3	
CB	21	120	4	5	6	1	1.385	3	
CY	22	1	1	1	2	2	1.095	3	
CY	22	2	1	1	3	2	1.806	3	
CY	22	3	1	1	4	2	0.890	3	
CY	22	4	1	1	5	1	1.028	3	
CY	22	5	1	1	6	1	1.026	3	
CY	22	6	1	2	3	1	1.431	3	
CY	22	7	1	2	4	2	1.296	3	
CY	22	8	1	2	5	1	2.072	3	
CY	22	9	1	2	6	1	1.189	3	
CY	22	10	1	3	4	2	2.549	3	
CY	22	11	1	3	5	1	1.070	3	
CY	22	12	1	3	6	1	0.981	3	
CY	22	13	1	4	5	1	1.566	3	
CY	22	14	1	4	6	1	0.807	3	
CY	22	15	1	5	6	1	0.956	3	
CY	22	16	2	1	2	2	0.859	3	
CY	22	17	2	1	3	2	1.377	3	
CY	22	18	2	1	4	2	0.992	3	
CY	22	19	2	1	5	1	3.191	3	
CY	22	20	2	1	6	1	0.999	3	
CY	22	21	2	2	3	2	0.885	3	
CY	22	22	2	2	4	2	2.046	3	
CY	22	23	2	2	5	2	1.972	3	
CY	22	24	2	2	6	1	0.826	3	
CY	22	25	2	3	4	1	1.089	3	
CY	22	26	2	3	5	1	1.206	3	
CY	22	27	2	3	6	1	0.825	3	
CY	22	28	2	4	5	1	1.586	3	
CY	22	29	2	4	6	1	1.139	3	
CY	22	30	2	5	6	1	1.089	3	
CY	22	31	3	1	2	2	1.573	3	
CY	22	32	3	1	3	2	1.634	3	
CY	22	33	3	1	4	1	1.264	3	
CY	22	34	3	1	5	1	0.758	3	
CY	22	35	3	1	6	1	1.158	3	
CY	22	36	3	2	3	2	1.855	3	
CY	22	37	3	2	4	1	0.933	3	
CY	22	38	3	2	5	1	0.869	3	
CY	22	39	3	2	6	1	1.124	3	
CY	22	40	3	3	4	1	1.223	3	
CY	22	41	3	3	5	1	2.011	3	
CY	22	42	3	3	6	1	1.273	3	
CY	22	43	3	4	5	1	1.013	3	
CY	22	44	3	4	6	1	1.345	3	
CY	22	45	3	5	6	1	1.502	3	
CY	22	46	4	1	2	2	1.879	3	
CY	22	47	4	1	3	2	1.257	3	
CY	22	48	4	1	4	2	2.000	3	
CY	22	49	4	1	5	2	1.182	3	
CY	22	50	4	1	6	2	1.678	3	
CY	22	51	4	2	3	1	1.005	3	
CY	22	52	4	2	4	2	1.441	3	
CY	22	53	4	2	5	1	1.311	3	
CY	22	54	4	2	6	1	1.335	3	
CY	22	55	4	3	4	2	1.084	3	
CY	22	56	4	3	5	1	1.407	3	
CY	22	57	4	3	6	1	0.923	3	
CY	22	58	4	4	5	2	1.307	3	
CY	22	59	4	4	6	1	0.791	3	
CY	22	60	4	5	6	1	1.868	3	
CB	22	61	1	1	2	2	1.631	3	
CB	22	62	1	1	3	2	1.406	3	
CB	22	63	1	1	4	2	1.758	3	
CB	22	64	1	1	5	1	1.051	3	
CB	22	65	1	1	6	2	1.715	3	
CB	22	66	1	2	3	2	1.747	3	
CB	22	67	1	2	4	1	1.327	3	
CB	22	68	1	2	5	1	0.951	3	
CB	22	69	1	2	6	2	1.430	3	
CB	22	70	1	3	4	1	4.779	3	
CB	22	71	1	3	5	1	1.472	3	
CB	22	72	1	3	6	1	0.852	3	
CB	22	73	1	4	5	1	1.205	3	
CB	22	74	1	4	6	1	1.734	3	
CB	22	75	1	5	6	1	2.028	3	
CB	22	76	2	1	2	1	3.096	3	
CB	22	77	2	1	3	2	0.862	3	
CB	22	78	2	1	4	2	2.574	3	
CB	22	79	2	1	5	1	1.240	3	
CB	22	80	2	1	6	1	1.375	3	
CB	22	81	2	2	3	2	1.295	3	
CB	22	82	2	2	4	1	1.094	3	
CB	22	83	2	2	5	1	0.779	3	
CB	22	84	2	2	6	1	1.290	3	
CB	22	85	2	3	4	2	2.592	3	
CB	22	86	2	3	5	1	1.346	3	
CB	22	87	2	3	6	1	1.127	3	
CB	22	88	2	4	5	1	1.108	3	
CB	22	89	2	4	6	1	1.157	3	
CB	22	90	2	5	6	1	1.358	3	
CB	22	91	3	1	2	2	2.225	3	
CB	22	92	3	1	3	2	0.922	3	
CB	22	93	3	1	4	2	1.753	3	
CB	22	94	3	1	5	2	0.818	3	
CB	22	95	3	1	6	2	1.799	3	
CB	22	96	3	2	3	2	1.189	3	
CB	22	97	3	2	4	2	0.847	3	
CB	22	98	3	2	5	1	1.079	3	
CB	22	99	3	2	6	1	0.855	3	
CB	22	100	3	3	4	1	0.821	3	
CB	22	101	3	3	5	1	1.072	3	
CB	22	102	3	3	6	1	1.129	3	
CB	22	103	3	4	5	1	1.164	3	
CB	22	104	3	4	6	1	1.874	3	
CB	22	105	3	5	6	2	1.182	3	
CB	22	106	4	1	2	2	1.597	3	
CB	22	107	4	1	3	2	0.728	3	
CB	22	108	4	1	4	1	1.767	3	
CB	22	109	4	1	5	2	1.622	3	
CB	22	110	4	1	6	1	1.139	3	
CB	22	111	4	2	3	1	1.846	3	
CB	22	112	4	2	4	2	1.221	3	
CB	22	113	4	2	5	1	1.086	3	
CB	22	114	4	2	6	1	1.239	3	
CB	22	115	4	3	4	2	1.007	3	
CB	22	116	4	3	5	1	1.358	3	
CB	22	117	4	3	6	1	1.107	3	
CB	22	118	4	4	5	1	1.190	3	
CB	22	119	4	4	6	1	1.257	3	
CB	22	120	4	5	6	2	1.683	3	
CY	23	1	1	1	2	2	1.098	4	
CY	23	2	1	1	3	2	0.944	4	
CY	23	3	1	1	4	2	1.396	4	
CY	23	4	1	1	5	1	1.339	4	
CY	23	5	1	1	6	1	1.417	4	
CY	23	6	1	2	3	1	1.191	4	
CY	23	7	1	2	4	2	1.004	4	
CY	23	8	1	2	5	1	0.811	4	
CY	23	9	1	2	6	1	1.208	4	
CY	23	10	1	3	4	1	0.935	4	
CY	23	11	1	3	5	1	1.052	4	
CY	23	12	1	3	6	1	0.770	4	
CY	23	13	1	4	5	1	1.257	4	
CY	23	14	1	4	6	1	0.948	4	
CY	23	15	1	5	6	1	1.334	4	
CY	23	16	2	1	2	1	1.884	4	
CY	23	17	2	1	3	2	1.054	4	
CY	23	18	2	1	4	1	0.959	4	
CY	23	19	2	1	5	2	1.169	4	
CY	23	20	2	1	6	1	2.319	4	
CY	23	21	2	2	3	2	0.893	4	
CY	23	22	2	2	4	2	0.868	4	
CY	23	23	2	2	5	1	0.889	4	
CY	23	24	2	2	6	1	0.867	4	
CY	23	25	2	3	4	1	1.231	4	
CY	23	26	2	3	5	1	1.835	4	
CY	23	27	2	3	6	1	1.292	4	
CY	23	28	2	4	5	2	1.408	4	
CY	23	29	2	4	6	1	1.612	4	
CY	23	30	2	5	6	1	2.312	4	
CY	23	31	3	1	2	2	1.732	4	
CY	23	32	3	1	3	2	1.590	4	
CY	23	33	3	1	4	2	0.858	4	
CY	23	34	3	1	5	1	1.028	4	
CY	23	35	3	1	6	1	1.007	4	
CY	23	36	3	2	3	1	1.007	4	
CY	23	37	3	2	4	1	2.766	4	
CY	23	38	3	2	5	1	0.914	4	
CY	23	39	3	2	6	1	0.794	4	
CY	23	40	3	3	4	1	2.616	4	
CY	23	41	3	3	5	1	1.226	4	
CY	23	42	3	3	6	1	0.839	4	
CY	23	43	3	4	5	1	1.380	4	
CY	23	44	3	4	6	1	2.407	4	
CY	23	45	3	5	6	1	1.132	4	
CY	23	46	4	1	2	2	1.610	4	
CY	23	47	4	1	3	2	0.897	4	
CY	23	48	4	1	4	2	1.248	4	
CY	23	49	4	1	5	2	1.086	4	
CY	23	50	4	1	6	2	5.530	4	
CY	23	51	4	2	3	1	1.483	4	
CY	23	52	4	2	4	1	1.177	4	
CY	23	53	4	2	5	1	1.430	4	
CY	23	54	4	2	6	2	1.112	4	
CY	23	55	4	3	4	2	0.982	4	
CY	23	56	4	3	5	2	1.088	4	
CY	23	57	4	3	6	1	0.781	4	
CY	23	58	4	4	5	1	1.157	4	
CY	23	59	4	4	6	1	0.803	4	
CY	23	60	4	5	6	1	2.141	4	
CB	23	61	1	1	2	2	1.134	4	
CB	23	62	1	1	3	2	0.922	4	
CB	23	63	1	1	4	2	1.193	4	
CB	23	64	1	1	5	1	1.406	4	
CB	23	65	1	1	6	2	1.074	4	
CB	23	66	1	2	3	2	1.193	4	
CB	23	67	1	2	4	2	0.723	4	
CB	23	68	1	2	5	2	1.559	4	
CB	23	69	1	2	6	2	1.637	4	
CB	23	70	1	3	4	2	1.098	4	
CB	23	71	1	3	5	1	1.640	4	
CB	23	72	1	3	6	1	0.797	4	
CB	23	73	1	4	5	2	1.358	4	
CB	23	74	1	4	6	2	1.748	4	
CB	23	75	1	5	6	1	2.019	4	
CB	23	76	2	1	2	2	1.167	4	
CB	23	77	2	1	3	2	0.950	4	
CB	23	78	2	1	4	2	1.302	4	
CB	23	79	2	1	5	2	2.038	4	
CB	23	80	2	1	6	1	0.987	4	
CB	23	81	2	2	3	2	1.338	4	
CB	23	82	2	2	4	2	0.952	4	
CB	23	83	2	2	5	1	0.844	4	
CB	23	84	2	2	6	1	1.517	4	
CB	23	85	2	3	4	1	1.408	4	
CB	23	86	2	3	5	1	1.301	4	
CB	23	87	2	3	6	1	1.195	4	
CB	23	88	2	4	5	1	1.021	4	
CB	23	89	2	4	6	1	0.980	4	
CB	23	90	2	5	6	1	2.122	4	
CB	23	91	3	1	2	2	1.006	4	
CB	23	92	3	1	3	2	1.858	4	
CB	23	93	3	1	4	2	1.012	4	
CB	23	94	3	1	5	2	1.405	4	
CB	23	95	3	1	6	1	1.047	4	
CB	23	96	3	2	3	2	0.795	4	
CB	23	97	3	2	4	1	0.733	4	
CB	23	98	3	2	5	2	2.927	4	
CB	23	99	3	2	6	1	0.939	4	
CB	23	100	3	3	4	2	1.033	4	
CB	23	101	3	3	5	1	1.020	4	
CB	23	102	3	3	6	1	1.018	4	
CB	23	103	3	4	5	2	0.980	4	
CB	23	104	3	4	6	1	2.234	4	
CB	23	105	3	5	6	2	1.997	4	
CB	23	106	4	1	2	2	2.640	4	
CB	23	107	4	1	3	2	0.824	4	
CB	23	108	4	1	4	2	1.067	4	
CB	23	109	4	1	5	2	2.107	4	
CB	23	110	4	1	6	2	2.075	4	
CB	23	111	4	2	3	1	1.517	4	
CB	23	112	4	2	4	2	0.821	4	
CB	23	113	4	2	5	1	6.760	4	
CB	23	114	4	2	6	2	1.890	4	
CB	23	115	4	3	4	1	1.758	4	
CB	23	116	4	3	5	2	1.031	4	
CB	23	117	4	3	6	1	2.514	4	
CB	23	118	4	4	5	2	1.194	4	
CB	23	119	4	4	6	1	0.957	4	
CB	23	120	4	5	6	1	1.213	4	
CY	24	1	1	1	2	2	1.095	4	
CY	24	2	1	1	3	2	2.092	4	
CY	24	3	1	1	4	1	1.270	4	
CY	24	4	1	1	5	1	2.373	4	
CY	24	5	1	1	6	1	1.667	4	
CY	24	6	1	2	3	2	0.940	4	
CY	24	7	1	2	4	2	0.980	4	
CY	24	8	1	2	5	1	2.280	4	
CY	24	9	1	2	6	1	0.960	4	
CY	24	10	1	3	4	1	0.944	4	
CY	24	11	1	3	5	1	0.953	4	
CY	24	12	1	3	6	1	1.008	4	
CY	24	13	1	4	5	2	2.280	4	
CY	24	14	1	4	6	1	1.236	4	
CY	24	15	1	5	6	1	1.206	4	
CY	24	16	2	1	2	1	4.427	4	
CY	24	17	2	1	3	1	4.098	4	
CY	24	18	2	1	4	2	2.591	4	
CY	24	19	2	1	5	1	2.101	4	
CY	24	20	2	1	6	1	1.404	4	
CY	24	21	2	2	3	2	1.010	4	
CY	24	22	2	2	4	2	1.033	4	
CY	24	23	2	2	5	2	0.973	4	
CY	24	24	2	2	6	1	1.302	4	
CY	24	25	2	3	4	1	2.102	4	
CY	24	26	2	3	5	1	1.666	4	
CY	24	27	2	3	6	1	1.411	4	
CY	24	28	2	4	5	2	1.107	4	
CY	24	29	2	4	6	1	1.547	4	
CY	24	30	2	5	6	1	1.639	4	
CY	24	31	3	1	2	1	1.703	4	
CY	24	32	3	1	3	2	1.972	4	
CY	24	33	3	1	4	2	3.206	4	
CY	24	34	3	1	5	1	0.942	4	
CY	24	35	3	1	6	1	1.128	4	
CY	24	36	3	2	3	1	1.101	4	
CY	24	37	3	2	4	2	1.063	4	
CY	24	38	3	2	5	1	1.081	4	
CY	24	39	3	2	6	1	0.994	4	
CY	24	40	3	3	4	1	1.257	4	
CY	24	41	3	3	5	1	1.226	4	
CY	24	42	3	3	6	1	0.889	4	
CY	24	43	3	4	5	2	2.276	4	
CY	24	44	3	4	6	1	1.396	4	
CY	24	45	3	5	6	1	1.189	4	
CY	24	46	4	1	2	2	1.054	4	
CY	24	47	4	1	3	2	1.283	4	
CY	24	48	4	1	4	1	0.979	4	
CY	24	49	4	1	5	2	2.608	4	
CY	24	50	4	1	6	2	0.989	4	
CY	24	51	4	2	3	2	0.943	4	
CY	24	52	4	2	4	2	1.040	4	
CY	24	53	4	2	5	2	0.999	4	
CY	24	54	4	2	6	1	1.303	4	
CY	24	55	4	3	4	2	1.327	4	
CY	24	56	4	3	5	1	1.266	4	
CY	24	57	4	3	6	1	1.305	4	
CY	24	58	4	4	5	1	1.614	4	
CY	24	59	4	4	6	1	0.897	4	
CY	24	60	4	5	6	1	2.332	4	
CB	24	61	1	1	2	2	1.349	4	
CB	24	62	1	1	3	2	1.604	4	
CB	24	63	1	1	4	2	1.558	4	
CB	24	64	1	1	5	2	1.846	4	
CB	24	65	1	1	6	2	2.974	4	
CB	24	66	1	2	3	2	0.854	4	
CB	24	67	1	2	4	1	1.932	4	
CB	24	68	1	2	5	1	0.881	4	
CB	24	69	1	2	6	1	1.255	4	
CB	24	70	1	3	4	2	1.554	4	
CB	24	71	1	3	5	1	1.230	4	
CB	24	72	1	3	6	2	0.800	4	
CB	24	73	1	4	5	1	2.895	4	
CB	24	74	1	4	6	1	1.554	4	
CB	24	75	1	5	6	1	0.940	4	
CB	24	76	2	1	2	2	1.336	4	
CB	24	77	2	1	3	2	1.302	4	
CB	24	78	2	1	4	2	1.206	4	
CB	24	79	2	1	5	2	0.999	4	
CB	24	80	2	1	6	1	1.638	4	
CB	24	81	2	2	3	1	1.464	4	
CB	24	82	2	2	4	2	1.028	4	
CB	24	83	2	2	5	1	1.035	4	
CB	24	84	2	2	6	1	1.000	4	
CB	24	85	2	3	4	1	1.331	4	
CB	24	86	2	3	5	1	1.163	4	
CB	24	87	2	3	6	1	1.019	4	
CB	24	88	2	4	5	1	1.028	4	
CB	24	89	2	4	6	1	1.141	4	
CB	24	90	2	5	6	1	1.501	4	
CB	24	91	3	1	2	1	0.959	4	
CB	24	92	3	1	3	2	1.629	4	
CB	24	93	3	1	4	2	1.031	4	
CB	24	94	3	1	5	1	3.784	4	
CB	24	95	3	1	6	1	1.292	4	
CB	24	96	3	2	3	2	1.565	4	
CB	24	97	3	2	4	1	1.481	4	
CB	24	98	3	2	5	1	1.144	4	
CB	24	99	3	2	6	1	0.923	4	
CB	24	100	3	3	4	1	1.754	4	
CB	24	101	3	3	5	1	1.037	4	
CB	24	102	3	3	6	2	0.871	4	
CB	24	103	3	4	5	2	1.360	4	
CB	24	104	3	4	6	1	1.070	4	
CB	24	105	3	5	6	2	1.512	4	
CB	24	106	4	1	2	2	1.629	4	
CB	24	107	4	1	3	2	1.401	4	
CB	24	108	4	1	4	1	0.939	4	
CB	24	109	4	1	5	1	4.149	4	
CB	24	110	4	1	6	2	1.554	4	
CB	24	111	4	2	3	2	1.542	4	
CB	24	112	4	2	4	2	0.786	4	
CB	24	113	4	2	5	1	1.438	4	
CB	24	114	4	2	6	1	0.996	4	
CB	24	115	4	3	4	1	2.355	4	
CB	24	116	4	3	5	1	1.383	4	
CB	24	117	4	3	6	1	1.096	4	
CB	24	118	4	4	5	1	1.991	4	
CB	24	119	4	4	6	1	1.121	4	
CB	24	120	4	5	6	1	1.224	4	
CY	25	1	1	1	2	2	1.255	4	
CY	25	2	1	1	3	2	0.942	4	
CY	25	3	1	1	4	2	1.216	4	
CY	25	4	1	1	5	1	1.909	4	
CY	25	5	1	1	6	1	1.563	4	
CY	25	6	1	2	3	2	1.733	4	
CY	25	7	1	2	4	2	0.977	4	
CY	25	8	1	2	5	1	1.009	4	
CY	25	9	1	2	6	1	1.527	4	
CY	25	10	1	3	4	1	1.229	4	
CY	25	11	1	3	5	1	0.941	4	
CY	25	12	1	3	6	1	1.175	4	
CY	25	13	1	4	5	1	1.324	4	
CY	25	14	1	4	6	1	1.293	4	
CY	25	15	1	5	6	1	1.108	4	
CY	25	16	2	1	2	2	1.576	4	
CY	25	17	2	1	3	2	0.817	4	
CY	25	18	2	1	4	2	1.181	4	
CY	25	19	2	1	5	1	4.835	4	
CY	25	20	2	1	6	1	3.251	4	
CY	25	21	2	2	3	2	1.621	4	
CY	25	22	2	2	4	2	1.020	4	
CY	25	23	2	2	5	2	1.142	4	
CY	25	24	2	2	6	1	1.411	4	
CY	25	25	2	3	4	2	1.761	4	
CY	25	26	2	3	5	1	3.216	4	
CY	25	27	2	3	6	1	1.638	4	
CY	25	28	2	4	5	2	2.455	4	
CY	25	29	2	4	6	1	1.056	4	
CY	25	30	2	5	6	1	2.251	4	
CY	25	31	3	1	2	2	1.401	4	
CY	25	32	3	1	3	2	0.859	4	
CY	25	33	3	1	4	1	1.152	4	
CY	25	34	3	1	5	1	1.062	4	
CY	25	35	3	1	6	1	0.717	4	
CY	25	36	3	2	3	1	1.428	4	
CY	25	37	3	2	4	1	1.941	4	
CY	25	38	3	2	5	1	1.292	4	
CY	25	39	3	2	6	1	0.973	4	
CY	25	40	3	3	4	1	1.260	4	
CY	25	41	3	3	5	1	0.974	4	
CY	25	42	3	3	6	1	0.724	4	
CY	25	43	3	4	5	1	1.106	4	
CY	25	44	3	4	6	1	1.281	4	
CY	25	45	3	5	6	1	1.191	4	
CY	25	46	4	1	2	2	1.259	4	
CY	25	47	4	1	3	2	1.100	4	
CY	25	48	4	1	4	2	1.165	4	
CY	25	49	4	1	5	2	0.957	4	
CY	25	50	4	1	6	2	1.082	4	
CY	25	51	4	2	3	2	1.436	4	
CY	25	52	4	2	4	1	0.844	4	
CY	25	53	4	2	5	1	1.385	4	
CY	25	54	4	2	6	1	1.022	4	
CY	25	55	4	3	4	2	1.539	4	
CY	25	56	4	3	5	1	1.824	4	
CY	25	57	4	3	6	1	0.867	4	
CY	25	58	4	4	5	1	0.856	4	
CY	25	59	4	4	6	1	1.486	4	
CY	25	60	4	5	6	1	1.085	4	
CB	25	61	1	1	2	2	1.239	4	
CB	25	62	1	1	3	2	1.408	4	
CB	25	63	1	1	4	2	0.975	4	
CB	25	64	1	1	5	2	1.409	4	
CB	25	65	1	1	6	2	2.509	4	
CB	25	66	1	2	3	2	1.502	4	
CB	25	67	1	2	4	2	1.164	4	
CB	25	68	1	2	5	2	0.948	4	
CB	25	69	1	2	6	1	0.892	4	
CB	25	70	1	3	4	2	1.824	4	
CB	25	71	1	3	5	2	1.020	4	
CB	25	72	1	3	6	2	2.385	4	
CB	25	73	1	4	5	1	1.146	4	
CB	25	74	1	4	6	2	1.499	4	
CB	25	75	1	5	6	1	1.068	4	
CB	25	76	2	1	2	2	1.382	4	
CB	25	77	2	1	3	2	1.107	4	
CB	25	78	2	1	4	2	0.811	4	
CB	25	79	2	1	5	1	2.510	4	
CB	25	80	2	1	6	1	1.098	4	
CB	25	81	2	2	3	2	1.354	4	
CB	25	82	2	2	4	1	2.333	4	
CB	25	83	2	2	5	1	1.162	4	
CB	25	84	2	2	6	1	2.261	4	
CB	25	85	2	3	4	1	0.962	4	
CB	25	86	2	3	5	1	1.814	4	
CB	25	87	2	3	6	1	1.023	4	
CB	25	88	2	4	5	1	1.345	4	
CB	25	89	2	4	6	1	1.199	4	
CB	25	90	2	5	6	1	1.454	4	
CB	25	91	3	1	2	2	1.431	4	
CB	25	92	3	1	3	1	0.759	4	
CB	25	93	3	1	4	2	1.060	4	
CB	25	94	3	1	5	2	1.265	4	
CB	25	95	3	1	6	1	0.850	4	
CB	25	96	3	2	3	2	0.956	4	
CB	25	97	3	2	4	1	1.383	4	
CB	25	98	3	2	5	2	0.900	4	
CB	25	99	3	2	6	1	1.070	4	
CB	25	100	3	3	4	2	2.220	4	
CB	25	101	3	3	5	1	1.045	4	
CB	25	102	3	3	6	1	1.314	4	
CB	25	103	3	4	5	1	1.430	4	
CB	25	104	3	4	6	1	1.609	4	
CB	25	105	3	5	6	2	1.963	4	
CB	25	106	4	1	2	2	1.790	4	
CB	25	107	4	1	3	2	1.576	4	
CB	25	108	4	1	4	2	1.262	4	
CB	25	109	4	1	5	1	0.804	4	
CB	25	110	4	1	6	1	1.044	4	
CB	25	111	4	2	3	1	0.727	4	
CB	25	112	4	2	4	1	1.134	4	
CB	25	113	4	2	5	1	1.665	4	
CB	25	114	4	2	6	1	1.096	4	
CB	25	115	4	3	4	1	1.507	4	
CB	25	116	4	3	5	1	1.134	4	
CB	25	117	4	3	6	1	1.067	4	
CB	25	118	4	4	5	1	2.177	4	
CB	25	119	4	4	6	1	1.309	4	
CB	25	120	4	5	6	1	1.031	4	
CY	26	1	1	1	2	2	0.990	4	
CY	26	2	1	1	3	2	1.243	4	
CY	26	3	1	1	4	1	1.740	4	
CY	26	4	1	1	5	1	1.133	4	
CY	26	5	1	1	6	1	0.757	4	
CY	26	6	1	2	3	2	1.610	4	
CY	26	7	1	2	4	2	1.123	4	
CY	26	8	1	2	5	1	1.219	4	
CY	26	9	1	2	6	1	1.192	4	
CY	26	10	1	3	4	2	1.175	4	
CY	26	11	1	3	5	1	0.747	4	
CY	26	12	1	3	6	1	1.012	4	
CY	26	13	1	4	5	2	1.120	4	
CY	26	14	1	4	6	1	1.106	4	
CY	26	15	1	5	6	1	1.076	4	
CY	26	16	2	1	2	2	0.925	4	
CY	26	17	2	1	3	2	1.270	4	
CY	26	18	2	1	4	1	1.188	4	
CY	26	19	2	1	5	1	1.813	4	
CY	26	20	2	1	6	1	1.327	4	
CY	26	21	2	2	3	1	1.418	4	
CY	26	22	2	2	4	2	0.780	4	
CY	26	23	2	2	5	1	1.641	4	
CY	26	24	2	2	6	1	2.724	4	
CY	26	25	2	3	4	1	0.996	4	
CY	26	26	2	3	5	1	1.993	4	
CY	26	27	2	3	6	1	1.408	4	
CY	26	28	2	4	5	1	2.626	4	
CY	26	29	2	4	6	1	0.987	4	
CY	26	30	2	5	6	1	1.527	4	
CY	26	31	3	1	2	2	2.813	4	
CY	26	32	3	1	3	2	2.818	4	
CY	26	33	3	1	4	2	1.658	4	
CY	26	34	3	1	5	1	0.756	4	
CY	26	35	3	1	6	1	1.560	4	
CY	26	36	3	2	3	1	1.469	4	
CY	26	37	3	2	4	1	0.900	4	
CY	26	38	3	2	5	1	1.268	4	
CY	26	39	3	2	6	1	4.765	4	
CY	26	40	3	3	4	1	2.030	4	
CY	26	41	3	3	5	1	1.159	4	
CY	26	42	3	3	6	1	0.756	4	
CY	26	43	3	4	5	1	1.409	4	
CY	26	44	3	4	6	1	1.195	4	
CY	26	45	3	5	6	1	1.826	4	
CY	26	46	4	1	2	2	1.328	4	
CY	26	47	4	1	3	1	1.061	4	
CY	26	48	4	1	4	1	1.365	4	
CY	26	49	4	1	5	2	1.274	4	
CY	26	50	4	1	6	2	0.910	4	
CY	26	51	4	2	3	2	1.020	4	
CY	26	52	4	2	4	1	1.501	4	
CY	26	53	4	2	5	1	1.154	4	
CY	26	54	4	2	6	1	2.550	4	
CY	26	55	4	3	4	2	1.035	4	
CY	26	56	4	3	5	1	1.150	4	
CY	26	57	4	3	6	1	0.932	4	
CY	26	58	4	4	5	1	1.396	4	
CY	26	59	4	4	6	1	0.769	4	
CY	26	60	4	5	6	1	1.596	4	
CB	26	61	1	1	2	2	1.186	4	
CB	26	62	1	1	3	1	0.720	4	
CB	26	63	1	1	4	2	1.202	4	
CB	26	64	1	1	5	2	1.494	4	
CB	26	65	1	1	6	1	2.803	4	
CB	26	66	1	2	3	2	1.600	4	
CB	26	67	1	2	4	2	3.588	4	
CB	26	68	1	2	5	2	2.064	4	
CB	26	69	1	2	6	1	1.135	4	
CB	26	70	1	3	4	1	1.029	4	
CB	26	71	1	3	5	1	1.006	4	
CB	26	72	1	3	6	1	0.751	4	
CB	26	73	1	4	5	1	2.175	4	
CB	26	74	1	4	6	1	0.950	4	
CB	26	75	1	5	6	1	1.275	4	
CB	26	76	2	1	2	1	0.949	4	
CB	26	77	2	1	3	2	0.686	4	
CB	26	78	2	1	4	2	0.763	4	
CB	26	79	2	1	5	2	1.074	4	
CB	26	80	2	1	6	1	1.114	4	
CB	26	81	2	2	3	1	0.852	4	
CB	26	82	2	2	4	1	0.860	4	
CB	26	83	2	2	5	1	1.580	4	
CB	26	84	2	2	6	1	2.003	4	
CB	26	85	2	3	4	2	1.472	4	
CB	26	86	2	3	5	1	1.376	4	
CB	26	87	2	3	6	1	1.112	4	
CB	26	88	2	4	5	1	1.085	4	
CB	26	89	2	4	6	1	1.385	4	
CB	26	90	2	5	6	1	2.240	4	
CB	26	91	3	1	2	1	1.057	4	
CB	26	92	3	1	3	1	1.926	4	
CB	26	93	3	1	4	2	1.005	4	
CB	26	94	3	1	5	2	2.364	4	
CB	26	95	3	1	6	2	2.141	4	
CB	26	96	3	2	3	2	0.965	4	
CB	26	97	3	2	4	1	1.562	4	
CB	26	98	3	2	5	1	0.938	4	
CB	26	99	3	2	6	1	0.785	4	
CB	26	100	3	3	4	1	1.143	4	
CB	26	101	3	3	5	1	0.794	4	
CB	26	102	3	3	6	1	1.202	4	
CB	26	103	3	4	5	1	1.132	4	
CB	26	104	3	4	6	1	1.661	4	
CB	26	105	3	5	6	2	0.971	4	
CB	26	106	4	1	2	2	1.221	4	
CB	26	107	4	1	3	2	1.733	4	
CB	26	108	4	1	4	2	1.468	4	
CB	26	109	4	1	5	1	1.769	4	
CB	26	110	4	1	6	1	1.077	4	
CB	26	111	4	2	3	1	1.030	4	
CB	26	112	4	2	4	2	0.805	4	
CB	26	113	4	2	5	1	2.291	4	
CB	26	114	4	2	6	1	1.149	4	
CB	26	115	4	3	4	1	0.941	4	
CB	26	116	4	3	5	1	1.372	4	
CB	26	117	4	3	6	1	1.124	4	
CB	26	118	4	4	5	1	1.010	4	
CB	26	119	4	4	6	1	0.901	4	
CB	26	120	4	5	6	1	2.228	4	
CY	27	1	1	1	2	2	0.826	4	
CY	27	2	1	1	3	2	1.235	4	
CY	27	3	1	1	4	2	1.592	4	
CY	27	4	1	1	5	1	0.898	4	
CY	27	5	1	1	6	1	1.214	4	
CY	27	6	1	2	3	2	0.957	4	
CY	27	7	1	2	4	1	0.920	4	
CY	27	8	1	2	5	1	2.293	4	
CY	27	9	1	2	6	1	0.809	4	
CY	27	10	1	3	4	2	2.390	4	
CY	27	11	1	3	5	2	1.040	4	
CY	27	12	1	3	6	1	0.850	4	
CY	27	13	1	4	5	1	2.025	4	
CY	27	14	1	4	6	1	0.874	4	
CY	27	15	1	5	6	1	0.972	4	
CY	27	16	2	1	2	2	0.895	4	
CY	27	17	2	1	3	2	1.522	4	
CY	27	18	2	1	4	2	1.072	4	
CY	27	19	2	1	5	2	1.555	4	
CY	27	20	2	1	6	1	2.635	4	
CY	27	21	2	2	3	2	1.170	4	
CY	27	22	2	2	4	2	0.892	4	
CY	27	23	2	2	5	1	1.870	4	
CY	27	24	2	2	6	1	0.726	4	
CY	27	25	2	3	4	2	1.030	4	
CY	27	26	2	3	5	1	3.706	4	
CY	27	27	2	3	6	1	1.104	4	
CY	27	28	2	4	5	1	1.810	4	
CY	27	29	2	4	6	1	1.845	4	
CY	27	30	2	5	6	2	1.436	4	
CY	27	31	3	1	2	2	1.570	4	
CY	27	32	3	1	3	2	1.177	4	
CY	27	33	3	1	4	1	1.305	4	
CY	27	34	3	1	5	1	1.898	4	
CY	27	35	3	1	6	1	1.169	4	
CY	27	36	3	2	3	1	2.495	4	
CY	27	37	3	2	4	2	1.076	4	
CY	27	38	3	2	5	1	0.984	4	
CY	27	39	3	2	6	1	1.092	4	
CY	27	40	3	3	4	1	1.721	4	
CY	27	41	3	3	5	1	1.039	4	
CY	27	42	3	3	6	1	0.973	4	
CY	27	43	3	4	5	1	1.072	4	
CY	27	44	3	4	6	1	1.085	4	
CY	27	45	3	5	6	1	1.533	4	
CY	27	46	4	1	2	2	1.093	4	
CY	27	47	4	1	3	2	0.767	4	
CY	27	48	4	1	4	2	0.809	4	
CY	27	49	4	1	5	2	1.549	4	
CY	27	50	4	1	6	1	2.630	4	
CY	27	51	4	2	3	2	1.458	4	
CY	27	52	4	2	4	2	1.274	4	
CY	27	53	4	2	5	1	1.058	4	
CY	27	54	4	2	6	1	1.392	4	
CY	27	55	4	3	4	1	1.333	4	
CY	27	56	4	3	5	1	1.089	4	
CY	27	57	4	3	6	1	0.652	4	
CY	27	58	4	4	5	1	0.859	4	
CY	27	59	4	4	6	1	1.109	4	
CY	27	60	4	5	6	1	1.853	4	
CB	27	61	1	1	2	2	1.173	4	
CB	27	62	1	1	3	2	1.302	4	
CB	27	63	1	1	4	2	0.860	4	
CB	27	64	1	1	5	2	2.149	4	
CB	27	65	1	1	6	2	1.113	4	
CB	27	66	1	2	3	2	1.848	4	
CB	27	67	1	2	4	1	1.145	4	
CB	27	68	1	2	5	1	0.720	4	
CB	27	69	1	2	6	1	0.958	4	
CB	27	70	1	3	4	2	1.573	4	
CB	27	71	1	3	5	1	1.197	4	
CB	27	72	1	3	6	1	0.722	4	
CB	27	73	1	4	5	1	1.846	4	
CB	27	74	1	4	6	1	1.452	4	
CB	27	75	1	5	6	2	1.540	4	
CB	27	76	2	1	2	2	0.941	4	
CB	27	77	2	1	3	2	0.944	4	
CB	27	78	2	1	4	2	1.309	4	
CB	27	79	2	1	5	1	2.060	4	
CB	27	80	2	1	6	1	0.851	4	
CB	27	81	2	2	3	1	1.598	4	
CB	27	82	2	2	4	1	0.815	4	
CB	27	83	2	2	5	1	0.772	4	
CB	27	84	2	2	6	1	1.145	4	
CB	27	85	2	3	4	1	1.424	4	
CB	27	86	2	3	5	1	0.935	4	
CB	27	87	2	3	6	1	1.082	4	
CB	27	88	2	4	5	1	0.992	4	
CB	27	89	2	4	6	1	0.998	4	
CB	27	90	2	5	6	1	1.942	4	
CB	27	91	3	1	2	1	2.682	4	
CB	27	92	3	1	3	2	1.002	4	
CB	27	93	3	1	4	2	2.133	4	
CB	27	94	3	1	5	1	1.014	4	
CB	27	95	3	1	6	2	0.965	4	
CB	27	96	3	2	3	2	1.230	4	
CB	27	97	3	2	4	1	2.017	4	
CB	27	98	3	2	5	2	0.927	4	
CB	27	99	3	2	6	1	0.853	4	
CB	27	100	3	3	4	1	1.003	4	
CB	27	101	3	3	5	1	0.997	4	
CB	27	102	3	3	6	1	1.286	4	
CB	27	103	3	4	5	1	0.925	4	
CB	27	104	3	4	6	1	1.757	4	
CB	27	105	3	5	6	2	2.033	4	
CB	27	106	4	1	2	2	1.487	4	
CB	27	107	4	1	3	2	1.130	4	
CB	27	108	4	1	4	1	2.413	4	
CB	27	109	4	1	5	2	1.740	4	
CB	27	110	4	1	6	1	1.238	4	
CB	27	111	4	2	3	1	1.253	4	
CB	27	112	4	2	4	1	1.109	4	
CB	27	113	4	2	5	1	0.802	4	
CB	27	114	4	2	6	1	0.795	4	
CB	27	115	4	3	4	1	1.386	4	
CB	27	116	4	3	5	1	0.976	4	
CB	27	117	4	3	6	1	1.104	4	
CB	27	118	4	4	5	1	1.233	4	
CB	27	119	4	4	6	1	0.892	4	
CB	27	120	4	5	6	1	1.656	4	
CY	28	1	1	1	2	2	1.387	4	
CY	28	2	1	1	3	2	1.133	4	
CY	28	3	1	1	4	2	1.021	4	
CY	28	4	1	1	5	1	1.105	4	
CY	28	5	1	1	6	1	1.825	4	
CY	28	6	1	2	3	1	1.364	4	
CY	28	7	1	2	4	2	2.075	4	
CY	28	8	1	2	5	1	0.682	4	
CY	28	9	1	2	6	1	0.571	4	
CY	28	10	1	3	4	1	2.232	4	
CY	28	11	1	3	5	1	2.276	4	
CY	28	12	1	3	6	1	0.859	4	
CY	28	13	1	4	5	2	1.247	4	
CY	28	14	1	4	6	1	0.841	4	
CY	28	15	1	5	6	1	1.171	4	
CY	28	16	2	1	2	1	1.150	4	
CY	28	17	2	1	3	2	1.076	4	
CY	28	18	2	1	4	2	1.587	4	
CY	28	19	2	1	5	1	1.307	4	
CY	28	20	2	1	6	1	0.826	4	
CY	28	21	2	2	3	1	1.409	4	
CY	28	22	2	2	4	2	0.815	4	
CY	28	23	2	2	5	2	1.201	4	
CY	28	24	2	2	6	1	2.007	4	
CY	28	25	2	3	4	2	0.941	4	
CY	28	26	2	3	5	1	1.877	4	
CY	28	27	2	3	6	1	0.942	4	
CY	28	28	2	4	5	1	1.626	4	
CY	28	29	2	4	6	1	1.252	4	
CY	28	30	2	5	6	1	1.564	4	
CY	28	31	3	1	2	2	1.377	4	
CY	28	32	3	1	3	2	0.831	4	
CY	28	33	3	1	4	2	1.652	4	
CY	28	34	3	1	5	1	1.317	4	
CY	28	35	3	1	6	1	1.160	4	
CY	28	36	3	2	3	1	2.063	4	
CY	28	37	3	2	4	1	0.985	4	
CY	28	38	3	2	5	1	1.298	4	
CY	28	39	3	2	6	1	1.745	4	
CY	28	40	3	3	4	1	1.765	4	
CY	28	41	3	3	5	1	1.438	4	
CY	28	42	3	3	6	1	0.732	4	
CY	28	43	3	4	5	1	1.249	4	
CY	28	44	3	4	6	1	1.020	4	
CY	28	45	3	5	6	1	0.749	4	
CY	28	46	4	1	2	2	2.033	4	
CY	28	47	4	1	3	1	0.698	4	
CY	28	48	4	1	4	1	0.775	4	
CY	28	49	4	1	5	2	1.084	4	
CY	28	50	4	1	6	1	1.162	4	
CY	28	51	4	2	3	2	0.855	4	
CY	28	52	4	2	4	2	1.204	4	
CY	28	53	4	2	5	1	2.887	4	
CY	28	54	4	2	6	1	1.122	4	
CY	28	55	4	3	4	2	1.242	4	
CY	28	56	4	3	5	1	1.605	4	
CY	28	57	4	3	6	1	0.988	4	
CY	28	58	4	4	5	1	0.859	4	
CY	28	59	4	4	6	1	0.949	4	
CY	28	60	4	5	6	1	1.027	4	
CB	28	61	1	1	2	2	1.272	4	
CB	28	62	1	1	3	2	1.031	4	
CB	28	63	1	1	4	2	1.067	4	
CB	28	64	1	1	5	2	1.123	4	
CB	28	65	1	1	6	2	1.718	4	
CB	28	66	1	2	3	2	1.547	4	
CB	28	67	1	2	4	2	0.981	4	
CB	28	68	1	2	5	2	0.795	4	
CB	28	69	1	2	6	1	0.638	4	
CB	28	70	1	3	4	1	0.678	4	
CB	28	71	1	3	5	1	1.100	4	
CB	28	72	1	3	6	1	0.627	4	
CB	28	73	1	4	5	2	1.740	4	
CB	28	74	1	4	6	1	1.329	4	
CB	28	75	1	5	6	1	1.148	4	
CB	28	76	2	1	2	2	1.388	4	
CB	28	77	2	1	3	2	0.864	4	
CB	28	78	2	1	4	2	0.922	4	
CB	28	79	2	1	5	2	1.937	4	
CB	28	80	2	1	6	1	1.259	4	
CB	28	81	2	2	3	2	1.110	4	
CB	28	82	2	2	4	1	1.484	4	
CB	28	83	2	2	5	1	0.804	4	
CB	28	84	2	2	6	1	1.228	4	
CB	28	85	2	3	4	1	0.961	4	
CB	28	86	2	3	5	1	1.179	4	
CB	28	87	2	3	6	1	1.147	4	
CB	28	88	2	4	5	1	1.135	4	
CB	28	89	2	4	6	1	0.912	4	
CB	28	90	2	5	6	1	1.551	4	
CB	28	91	3	1	2	2	1.275	4	
CB	28	92	3	1	3	1	0.802	4	
CB	28	93	3	1	4	1	0.985	4	
CB	28	94	3	1	5	1	2.427	4	
CB	28	95	3	1	6	1	0.954	4	
CB	28	96	3	2	3	2	3.047	4	
CB	28	97	3	2	4	2	2.401	4	
CB	28	98	3	2	5	1	1.060	4	
CB	28	99	3	2	6	1	1.451	4	
CB	28	100	3	3	4	1	3.195	4	
CB	28	101	3	3	5	1	1.387	4	
CB	28	102	3	3	6	1	1.109	4	
CB	28	103	3	4	5	1	1.261	4	
CB	28	104	3	4	6	1	0.963	4	
CB	28	105	3	5	6	1	1.290	4	
CB	28	106	4	1	2	2	1.428	4	
CB	28	107	4	1	3	2	1.007	4	
CB	28	108	4	1	4	2	1.186	4	
CB	28	109	4	1	5	1	1.961	4	
CB	28	110	4	1	6	1	1.118	4	
CB	28	111	4	2	3	2	1.396	4	
CB	28	112	4	2	4	1	1.178	4	
CB	28	113	4	2	5	1	1.057	4	
CB	28	114	4	2	6	1	2.323	4	
CB	28	115	4	3	4	2	0.981	4	
CB	28	116	4	3	5	2	1.347	4	
CB	28	117	4	3	6	1	1.142	4	
CB	28	118	4	4	5	1	1.309	4	
CB	28	119	4	4	6	1	1.321	4	
CB	28	120	4	5	6	1	1.228	4	
CY	29	1	1	1	2	2	1.264	4	
CY	29	2	1	1	3	2	1.152	4	
CY	29	3	1	1	4	2	0.857	4	
CY	29	4	1	1	5	1	1.136	4	
CY	29	5	1	1	6	1	0.937	4	
CY	29	6	1	2	3	2	2.154	4	
CY	29	7	1	2	4	2	0.997	4	
CY	29	8	1	2	5	1	0.970	4	
CY	29	9	1	2	6	1	0.914	4	
CY	29	10	1	3	4	1	1.102	4	
CY	29	11	1	3	5	1	1.161	4	
CY	29	12	1	3	6	1	0.835	4	
CY	29	13	1	4	5	1	1.150	4	
CY	29	14	1	4	6	1	0.876	4	
CY	29	15	1	5	6	1	0.993	4	
CY	29	16	2	1	2	1	2.018	4	
CY	29	17	2	1	3	2	1.381	4	
CY	29	18	2	1	4	1	1.300	4	
CY	29	19	2	1	5	2	1.179	4	
CY	29	20	2	1	6	1	1.323	4	
CY	29	21	2	2	3	1	1.520	4	
CY	29	22	2	2	4	2	1.325	4	
CY	29	23	2	2	5	2	2.019	4	
CY	29	24	2	2	6	1	0.967	4	
CY	29	25	2	3	4	1	1.299	4	
CY	29	26	2	3	5	1	0.886	4	
CY	29	27	2	3	6	1	0.788	4	
CY	29	28	2	4	5	1	1.210	4	
CY	29	29	2	4	6	1	1.220	4	
CY	29	30	2	5	6	1	0.967	4	
CY	29	31	3	1	2	2	1.036	4	
CY	29	32	3	1	3	1	1.041	4	
CY	29	33	3	1	4	1	2.009	4	
CY	29	34	3	1	5	1	1.131	4	
CY	29	35	3	1	6	1	1.201	4	
CY	29	36	3	2	3	1	1.191	4	
CY	29	37	3	2	4	1	1.292	4	
CY	29	38	3	2	5	1	0.805	4	
CY	29	39	3	2	6	1	1.248	4	
CY	29	40	3	3	4	1	2.018	4	
CY	29	41	3	3	5	1	0.811	4	
CY	29	42	3	3	6	1	1.203	4	
CY	29	43	3	4	5	1	1.169	4	
CY	29	44	3	4	6	1	1.146	4	
CY	29	45	3	5	6	1	1.315	4	
CY	29	46	4	1	2	2	1.256	4	
CY	29	47	4	1	3	2	0.994	4	
CY	29	48	4	1	4	2	0.950	4	
CY	29	49	4	1	5	1	0.869	4	
CY	29	50	4	1	6	1	2.215	4	
CY	29	51	4	2	3	2	1.427	4	
CY	29	52	4	2	4	2	1.060	4	
CY	29	53	4	2	5	1	0.780	4	
CY	29	54	4	2	6	1	1.001	4	
CY	29	55	4	3	4	2	1.244	4	
CY	29	56	4	3	5	1	1.130	4	
CY	29	57	4	3	6	1	0.851	4	
CY	29	58	4	4	5	1	1.741	4	
CY	29	59	4	4	6	1	0.731	4	
CY	29	60	4	5	6	1	1.175	4	
CB	29	61	1	1	2	2	1.425	4	
CB	29	62	1	1	3	1	1.073	4	
CB	29	63	1	1	4	1	0.804	4	
CB	29	64	1	1	5	1	0.967	4	
CB	29	65	1	1	6	1	0.901	4	
CB	29	66	1	2	3	1	1.594	4	
CB	29	67	1	2	4	1	1.307	4	
CB	29	68	1	2	5	1	0.817	4	
CB	29	69	1	2	6	1	1.440	4	
CB	29	70	1	3	4	1	1.088	4	
CB	29	71	1	3	5	1	0.956	4	
CB	29	72	1	3	6	1	0.825	4	
CB	29	73	1	4	5	1	1.201	4	
CB	29	74	1	4	6	1	1.492	4	
CB	29	75	1	5	6	1	1.099	4	
CB	29	76	2	1	2	2	1.179	4	
CB	29	77	2	1	3	2	1.790	4	
CB	29	78	2	1	4	2	1.474	4	
CB	29	79	2	1	5	2	0.947	4	
CB	29	80	2	1	6	1	0.835	4	
CB	29	81	2	2	3	2	1.589	4	
CB	29	82	2	2	4	1	1.194	4	
CB	29	83	2	2	5	1	2.035	4	
CB	29	84	2	2	6	1	3.946	4	
CB	29	85	2	3	4	1	1.413	4	
CB	29	86	2	3	5	1	1.066	4	
CB	29	87	2	3	6	1	0.776	4	
CB	29	88	2	4	5	1	1.858	4	
CB	29	89	2	4	6	1	1.215	4	
CB	29	90	2	5	6	1	1.733	4	
CB	29	91	3	1	2	2	1.305	4	
CB	29	92	3	1	3	2	1.177	4	
CB	29	93	3	1	4	1	1.302	4	
CB	29	94	3	1	5	1	1.359	4	
CB	29	95	3	1	6	2	0.984	4	
CB	29	96	3	2	3	2	0.776	4	
CB	29	97	3	2	4	1	1.441	4	
CB	29	98	3	2	5	1	1.640	4	
CB	29	99	3	2	6	1	0.836	4	
CB	29	100	3	3	4	2	1.228	4	
CB	29	101	3	3	5	2	0.787	4	
CB	29	102	3	3	6	1	1.252	4	
CB	29	103	3	4	5	1	1.159	4	
CB	29	104	3	4	6	1	0.790	4	
CB	29	105	3	5	6	2	0.811	4	
CB	29	106	4	1	2	2	1.378	4	
CB	29	107	4	1	3	2	1.330	4	
CB	29	108	4	1	4	2	0.880	4	
CB	29	109	4	1	5	1	0.913	4	
CB	29	110	4	1	6	1	1.154	4	
CB	29	111	4	2	3	1	1.571	4	
CB	29	112	4	2	4	1	1.546	4	
CB	29	113	4	2	5	1	1.095	4	
CB	29	114	4	2	6	1	0.890	4	
CB	29	115	4	3	4	1	0.979	4	
CB	29	116	4	3	5	1	1.137	4	
CB	29	117	4	3	6	1	0.900	4	
CB	29	118	4	4	5	1	1.859	4	
CB	29	119	4	4	6	1	1.181	4	
CB	29	120	4	5	6	1	0.867	4	
CY	30	1	1	1	2	2	1.515	4	
CY	30	2	1	1	3	2	1.218	4	
CY	30	3	1	1	4	2	0.872	4	
CY	30	4	1	1	5	1	1.126	4	
CY	30	5	1	1	6	1	0.930	4	
CY	30	6	1	2	3	2	1.492	4	
CY	30	7	1	2	4	1	1.116	4	
CY	30	8	1	2	5	1	0.774	4	
CY	30	9	1	2	6	1	0.935	4	
CY	30	10	1	3	4	1	0.806	4	
CY	30	11	1	3	5	1	0.697	4	
CY	30	12	1	3	6	1	0.903	4	
CY	30	13	1	4	5	1	1.473	4	
CY	30	14	1	4	6	1	0.929	4	
CY	30	15	1	5	6	1	1.548	4	
CY	30	16	2	1	2	2	0.990	4	
CY	30	17	2	1	3	2	1.184	4	
CY	30	18	2	1	4	2	1.559	4	
CY	30	19	2	1	5	1	2.447	4	
CY	30	20	2	1	6	2	2.523	4	
CY	30	21	2	2	3	1	1.012	4	
CY	30	22	2	2	4	2	1.044	4	
CY	30	23	2	2	5	1	1.751	4	
CY	30	24	2	2	6	1	0.842	4	
CY	30	25	2	3	4	1	0.900	4	
CY	30	26	2	3	5	1	1.462	4	
CY	30	27	2	3	6	1	2.054	4	
CY	30	28	2	4	5	1	1.102	4	
CY	30	29	2	4	6	1	1.188	4	
CY	30	30	2	5	6	1	1.362	4	
CY	30	31	3	1	2	2	1.491	4	
CY	30	32	3	1	3	1	0.971	4	
CY	30	33	3	1	4	2	1.644	4	
CY	30	34	3	1	5	1	0.930	4	
CY	30	35	3	1	6	1	1.761	4	
CY	30	36	3	2	3	1	1.723	4	
CY	30	37	3	2	4	1	0.691	4	
CY	30	38	3	2	5	1	0.900	4	
CY	30	39	3	2	6	1	0.914	4	
CY	30	40	3	3	4	1	1.793	4	
CY	30	41	3	3	5	1	1.100	4	
CY	30	42	3	3	6	1	0.964	4	
CY	30	43	3	4	5	1	1.299	4	
CY	30	44	3	4	6	1	1.256	4	
CY	30	45	3	5	6	1	1.195	4	
CY	30	46	4	1	2	1	1.028	4	
CY	30	47	4	1	3	2	1.473	4	
CY	30	48	4	1	4	2	1.333	4	
CY	30	49	4	1	5	2	1.073	4	
CY	30	50	4	1	6	1	1.000	4	
CY	30	51	4	2	3	2	1.596	4	
CY	30	52	4	2	4	1	1.182	4	
CY	30	53	4	2	5	1	0.847	4	
CY	30	54	4	2	6	1	1.187	4	
CY	30	55	4	3	4	1	1.570	4	
CY	30	56	4	3	5	1	1.217	4	
CY	30	57	4	3	6	1	0.897	4	
CY	30	58	4	4	5	1	1.362	4	
CY	30	59	4	4	6	1	0.943	4	
CY	30	60	4	5	6	1	1.201	4	
CB	30	61	1	1	2	2	1.067	4	
CB	30	62	1	1	3	2	1.365	4	
CB	30	63	1	1	4	2	1.173	4	
CB	30	64	1	1	5	2	0.877	4	
CB	30	65	1	1	6	1	0.817	4	
CB	30	66	1	2	3	1	1.065	4	
CB	30	67	1	2	4	1	2.596	4	
CB	30	68	1	2	5	2	1.127	4	
CB	30	69	1	2	6	1	1.442	4	
CB	30	70	1	3	4	2	1.266	4	
CB	30	71	1	3	5	1	1.629	4	
CB	30	72	1	3	6	1	0.872	4	
CB	30	73	1	4	5	2	1.608	4	
CB	30	74	1	4	6	1	1.611	4	
CB	30	75	1	5	6	1	1.145	4	
CB	30	76	2	1	2	2	1.559	4	
CB	30	77	2	1	3	2	0.969	4	
CB	30	78	2	1	4	2	1.035	4	
CB	30	79	2	1	5	1	1.724	4	
CB	30	80	2	1	6	1	0.914	4	
CB	30	81	2	2	3	2	1.372	4	
CB	30	82	2	2	4	1	1.137	4	
CB	30	83	2	2	5	1	0.845	4	
CB	30	84	2	2	6	1	1.768	4	
CB	30	85	2	3	4	1	1.372	4	
CB	30	86	2	3	5	1	1.015	4	
CB	30	87	2	3	6	1	1.129	4	
CB	30	88	2	4	5	1	1.299	4	
CB	30	89	2	4	6	1	0.811	4	
CB	30	90	2	5	6	1	1.266	4	
CB	30	91	3	1	2	2	1.163	4	
CB	30	92	3	1	3	2	1.236	4	
CB	30	93	3	1	4	2	1.548	4	
CB	30	94	3	1	5	2	2.178	4	
CB	30	95	3	1	6	2	1.834	4	
CB	30	96	3	2	3	2	0.890	4	
CB	30	97	3	2	4	1	1.417	4	
CB	30	98	3	2	5	1	0.751	4	
CB	30	99	3	2	6	1	0.895	4	
CB	30	100	3	3	4	1	0.882	4	
CB	30	101	3	3	5	1	0.964	4	
CB	30	102	3	3	6	1	0.809	4	
CB	30	103	3	4	5	1	1.282	4	
CB	30	104	3	4	6	1	1.298	4	
CB	30	105	3	5	6	2	0.862	4	
CB	30	106	4	1	2	2	1.978	4	
CB	30	107	4	1	3	2	1.174	4	
CB	30	108	4	1	4	1	0.890	4	
CB	30	109	4	1	5	1	1.463	4	
CB	30	110	4	1	6	1	0.912	4	
CB	30	111	4	2	3	1	0.833	4	
CB	30	112	4	2	4	2	1.841	4	
CB	30	113	4	2	5	1	1.659	4	
CB	30	114	4	2	6	1	1.118	4	
CB	30	115	4	3	4	2	2.266	4	
CB	30	116	4	3	5	1	1.235	4	
CB	30	117	4	3	6	1	0.930	4	
CB	30	118	4	4	5	1	1.093	4	
CB	30	119	4	4	6	1	1.103	4	
CB	30	120	4	5	6	1	1.364	4